53983
83359
55357
71772
64677
22968
90786
41396
73321
61605
92141
42526
35657
66177
90102
29877
58488
80327
90714
71198
7524
39373
47162
71709
10327
58567
45900
13424
15713
42270
23963
11285
57737
27345
85193
80320
12359
17936
37118
28470
27945
90735
27334
38217
56954
50006
18510
76868
15460
89770
4513
80080
49636
76984
36639
86150
93851
3961
98592
59631
63751
70910
41569
31970
39505
50181
66739
4185
59329
52653
21347
1976
61485
63679
56861
47220
84117
41094
82797
11449
56642
71007
38234
46702
93805
58477
94578
47056
34120
89600
97703
80158
48088
39172
55391
42263
78388
13794
76872
32548
64211
14135
75232
12904
44946
72046
50644
17916
34621
68322
82573
6430
7845
65107
72522
863
40386
93323
95379
43351
3159
19932
37051
8839
17008
82484
18826
54389
37554
19081
34795
51280
54276
40778
57638
41851
56083
90379
250
86606
36802
6700
55907
18747
88367
66605
78055
3083
56873
8437
2315
4167
17289
49971
57930
4585
56267
1595
63619
78419
39334
41155
53698
17254
78668
60737
34315
26465
10745
17659
26801
58078
39330
21999
15355
23154
98599
71257
79698
31415
43617
99058
59813
38779
80974
39294
69522
44455
11067
19705
48399
68460
65324
89603
17414
57660
86626
55303
82691
13885
19226
43811
13891
11179
45683
40377
9000
70911
32616
48794
45667
93268
24549
4625
10742
1550
55672
31048
94305
41721
33028
64590
32211
93849
81479
93739
82082
94325
30706
47285
21646
38183
67609
41207
65485
29371
73616
43012
6487
73478
15776
40677
1692
62217
62908
9660
38697
81871
53681
55955
38463
88932
52163
75733
73057
35342
88210
12858
2809
93028
95006
14386
66310
22806
24116
81168
88839
56307
39640
85726
10056
11205
67320
82848
70169
39822
1954
69644
35284
19104
56983
61312
87299
25983
73845
36454
51426
6308
95488
71490
85327
37816
48385
27586
7838
8015
70456
75470
2405
76393
68487
43617
90580
67027
87968
53488
34330
42446
30702
61898
92405
42521
61100
65002
25643
33182
786
31037
18832
98917
22932
19652
62652
30320
22689
14514
18200
3329
58171
42850
68743
20353
27590
80687
48596
85148
72518
45766
27394
13067
74635
61458
19544
36247
43931
34488
83261
49313
80006
26859
71346
55333
24914
18106
96749
14071
15972
47835
79965
64964
89983
503
52430
95800
86550
44472
345
54742
47441
65597
46734
58100
11432
41959
86052
29202
59610
90825
5269
14707
74806
81522
48135
63909
40656
48609
5188
23821
20718
58623
41087
98277
26145
80593
2971
42797
1611
85670
88803
18635
33479
54395
93034
9210
11689
1510
88431
10040
57346
37662
47539
39304
61742
74976
54996
80371
69324
49169
12807
59852
77065
74742
94688
85207
15787
71753
62708
14429
25133
2768
19719
7003
33248
36825
34449
10129
4643
13575
42621
67092
25274
15242
97112
95723
52596
66653
12888
74017
70127
74297
28369
87299
51029
84227
83847
36714
53262
85591
99733
82365
40064
11674
22650
96062
43828
93559
95766
28470
68892
2853
1284
53309
59303
79413
17606
37326
41349
77597
31472
98902
87417
80264
46225
60461
37722
23657
31379
70223
59496
48192
65795
67426
19413
40346
36994
91757
94366
59029
72566
92550
48119
46151
96089
76201
56963
5625
19629
41283
76157
97584
7644
90034
786
35352
72973
72123
89580
91541
94629
12063
88334
16623
79211
95151
10723
48419
23026
38455
8670
44181
70379
53200
91817
98271
4997
12777
36251
17937
56186
76646
56317
17263
49068
84564
159
55110
79119
27866
69582
86692
45247
24912
57888
20437
32778
76366
45542
71832
97936
52637
92811
84228
68849
70583
21008
42883
44547
49492
79482
43022
43091
97404
54247
85277
22715
67975
85900
62604
75734
45391
29473
71607
73982
60234
6886
28176
26679
12745
73896
92463
96858
81589
47717
11408
10893
26012
18967
68408
87142
47182
2134
89167
4377
60559
62451
90391
28396
45278
93900
73679
16119
78829
12989
60848
20461
35725
76019
38878
26399
27383
23765
32752
58913
87094
6770
52731
16859
58766
46946
68891
3332
31011
46696
50284
42706
69189
65500
68629
97296
37200
45685
7202
22462
68058
84078
34418
27978
37749
14288
98574
45631
20356
85552
75334
38237
54120
98409
52739
23689
27905
84893
69888
29099
5406
1517
34905
34779
40513
36998
35393
15513
1375
23503
20326
37498
13024
80122
76141
23277
48786
10349
41800
54185
49292
21555
7664
40022
24516
33722
21256
49079
99087
97181
79338
58146
94006
44652
20192
51745
98957
61557
42600
72590
78539
70432
68737
1171
73053
90162
37043
21337
99866
48869
58097
10903
34935
444
91650
81544
55702
19045
6145
80634
56386
23324
63445
59177
4598
12712
30940
4615
94226
81772
60805
35050
63719
15468
91913
52293
91169
58117
23726
55160
48018
91864
83513
21566
91715
56730
58280
78208
4358
93563
91060
90038
39106
93704
47557
18185
19060
94708
43578
14667
44364
70187
86335
44932
2421
23631
23371
55204
43412
11011
11752
30554
78705
85054
17111
21803
83307
75238
27248
54574
35119
91903
18200
72203
3599
70289
42044
5738
8301
50901
15179
8860
3822
26277
73413
43329
11830
71056
25930
51433
13149
12192
84019
5915
33269
89204
62470
85005
3206
581
51590
80398
54263
31735
36063
9439
10080
12364
93178
69262
72206
56653
37454
40243
56528
98413
91290
18918
26994
45097
51958
36357
90398
39556
94143
97020
61372
36478
94190
55231
80287
71633
87305
31662
68406
26367
72201
60606
34446
67244
59009
50326
4574
71266
15768
33365
33948
30837
6374
81497
72016
69417
28627
60862
96138
88771
54830
6805
98436
11784
49397
5122
9375
80998
87991
76615
68190
22346
30971
75281
5089
86003
10249
26931
83062
31837
73133
54683
58156
35636
89357
60523
56251
54093
68170
58004
31629
1497
51264
80154
68086
59121
44244
18807
6812
59489
24467
86805
36976
62052
16294
32913
64715
64194
56145
80790
84121
72105
79220
7978
9901
89714
47344
28644
95490
70710
3131
94666
52727
18612
79479
83681
9590
12925
15418
99817
91017
85594
29408
73114
84537
71298
79403
6986
57160
7573
95364
89616
22947
66294
4357
54759
21669
56763
80987
50234
58157
52458
46624
48223
69202
58431
9741
10520
30300
54423
86641
3994
88062
19952
66970
46792
5745
71927
91602
54178
39205
22822
91866
44407
18413
97966
98537
59676
95756
34239
66604
54930
36499
19233
77580
8197
69050
19930
74926
10104
83099
92974
60177
97398
62230
64827
27421
5497
64266
19411
42015
28522
17394
33268
75788
91731
83014
53866
95420
60930
47326
25331
63318
36168
42774
27731
51006
2920
67816
10971
83899
42957
68832
72419
33334
39224
71587
48578
46769
44326
1253
65445
60346
20565
9848
19611
69318
1011
37812
42769
41337
65683
72486
35935
45181
74713
30449
46546
33237
51195
82904
1521
59894
60472
63758
2429
39967
89704
48545
35133
51390
91848
69031
45548
64627
21530
33087
85642
37580
56809
52370
39328
49295
70469
41347
96627
58301
87201
40384
56273
62193
38955
32900
1878
3892
9702
71984
14855
16984
43023
5431
58459
27660
71147
89795
91661
33974
12473
13838
48970
64506
76115
9700
52926
77979
6602
16091
9638
2976
99670
72029
74596
32627
20920
61880
65890
82998
63143
2909
45069
95849
85229
65052
82041
16579
85848
39298
69742
6343
78447
25860
56741
53720
50625
96201
21516
35759
10587
94042
20822
40819
46094
79614
6396
6384
47265
88736
19182
43823
73518
73669
38319
19087
77139
16259
83347
33405
31161
55542
42364
1281
47659
51753
26361
54416
14036
16602
30475
9688
19531
75723
16631
26889
91923
93338
18841
47653
15270
81485
12373
50863
53563
36571
81073
81785
62252
94520
63306
12281
29909
72473
56316
67682
55633
69780
11222
12233
34322
33901
56448
19513
91555
57934
46088
66818
82613
65563
41487
83220
45991
56587
99306
49874
80814
31540
57365
98099
99659
87478
80778
75861
93565
78669
55197
56539
34368
65680
91420
45141
31023
34310
36198
96677
51199
51808
67760
98942
17165
42005
91376
87724
85910
3265
40264
56256
27388
63558
30147
92755
21954
65526
12029
29944
8290
1030
17014
18700
26496
69486
89481
44314
17533
17192
60452
88317
59836
25884
21728
1429
46659
57926
23132
93909
33603
32817
30196
68427
14773
5108
47635
17558
18142
37366
35200
83100
45967
13475
16783
27620
24450
17342
11083
10
68379
10008
92749
86276
11081
74171
26563
24407
97787
59322
4060
27881
91396
52935
51939
6206
93610
23611
74653
92889
41551
30580
39785
91297
232
70629
14122
27115
34615
38317
10778
52452
11512
8252
13289
81103
51202
9216
1296
47094
21390
49119
14241
69356
42025
67020
54440
74189
48479
33872
48987
74214
42741
97194
61098
27535
47516
66514
65853
4119
66493
66223
82715
67706
45586
40399
87778
41056
24528
80166
12395
59928
65996
58361
71635
36921
50298
98499
55981
50131
27683
75519
62727
43586
27415
44247
39748
76470
33074
18245
63595
86433
46865
76432
76361
38559
82252
57840
61279
16109
43864
15842
45730
71692
76348
42403
82173
98281
89757
40143
72397
98322
98037
15443
68619
26149
39328
89355
6113
54048
82025
74716
96366
65482
58944
47691
37229
10398
13433
49828
77056
66953
85894
92796
3554
41648
16947
2103
14859
5521
94330
28380
70305
7965
24647
75244
11410
31643
68198
41276
89811
52127
35384
50295
38179
44070
6544
48939
72594
32089
3616
83419
20426
19002
11597
28387
26469
36661
20583
30011
1864
55351
35003
42613
45321
56560
75701
83669
84195
20906
82617
5482
54175
8113
11097
83514
60640
9131
3234
51124
42217
31859
7136
68410
87601
41394
11655
98840
40402
13332
61868
81564
63625
74366
21470
29539
25285
98278
52252
54051
9769
97379
87959
14721
55720
99583
90079
20760
70542
29483
86500
64018
74074
18169
10459
47283
79542
50999
76863
82315
28580
25125
55776
71272
58945
29299
28798
52460
98484
77342
43001
86757
46969
23610
9293
84582
28623
63920
27248
24967
72470
78585
56905
98035
5071
5598
99469
10149
20803
41420
93539
26976
28496
54495
81178
93916
60088
62272
49086
65606
66875
66406
4086
96624
22025
62759
99290
94068
94190
42934
87557
9308
56391
82289
42249
51046
46768
65719
51753
34683
3376
36997
63935
44053
53888
70019
29370
70735
52877
51053
68126
13444
24306
29932
63864
65404
84908
45098
71134
91154
95332
52501
7035
95886
10259
91591
86730
20197
76106
2979
53884
51071
55546
71813
51648
25911
41707
8524
77619
20618
61791
94308
67064
55000
59738
12573
52697
19200
90675
59520
56437
23361
56036
77181
78815
99425
57605
80392
65105
38723
51127
55580
43711
31948
35732
93696
52027
89115
24094
82215
87688
56296
65
21858
49054
13175
85473
52546
57739
30915
5820
70039
88139
93317
65837
89856
64177
35961
20140
68244
21846
37768
51693
21352
77639
7341
51338
93223
87585
42499
25348
10805
29378
5533
44787
29929
90929
49059
90369
20017
2719
47688
39620
57296
8429
39326
89294
96353
28577
56535
5353
68109
35306
33197
45217
8638
22916
4612
2599
57723
28412
80229
83904
78644
29061
57320
36993
41406
19850
61247
18069
80475
52727
43335
480
85062
1648
40933
459
5077
2685
5883
19103
59113
6873
37416
77376
12170
74920
13395
51431
50286
37579
99872
99300
16848
43213
33062
6768
91091
14973
10159
70220
83115
43999
95796
77287
91743
52202
49494
42350
21636
68419
6128
3224
84296
75136
96187
87843
13950
99442
75542
15276
13759
41554
45461
4153
10425
56954
82771
23342
35953
34109
67354
34696
74213
38701
89569
45752
6881
27471
43736
11427
68472
69982
65470
98118
73369
55040
50444
51001
9124
99971
60
85951
99757
25608
75561
61133
30409
7578
6260
70187
90385
65379
89845
38824
35508
4718
43157
99758
92662
85722
10329
67062
29492
49894
11882
30351
90469
2050
23111
41672
56866
9980
3057
73495
22662
54228
56339
84932
90985
33091
99331
45117
86453
3881
19420
27601
47580
20433
61507
7713
10417
9014
49451
66010
19692
10031
51793
25258
6908
1310
30916
25838
56257
10213
72681
75017
38630
16525
79625
89238
31619
45746
24969
85384
59156
53345
6952
66923
78227
4518
13453
93891
12128
61112
5354
21885
79790
97657
53790
44533
98932
81802
21210
76362
47160
70966
59060
68546
49593
96647
5983
58709
24189
30577
9530
17775
56675
52796
61722
71802
95846
70717
34154
44784
56929
70399
21927
89632
95854
16461
57300
48831
70472
55507
33780
13712
36100
19374
89246
31873
32265
69185
32772
45943
5108
68936
63938
33711
75631
28211
25731
59591
7814
7630
52540
40446
52611
37779
23269
74999
43929
62590
6287
85364
901
81567
87670
71683
47147
31699
7156
86405
92143
19587
87220
93455
32461
87027
29869
89345
21335
69184
73018
28209
23861
83499
43749
10847
22130
69594
19252
69008
59668
85688
7941
499
17784
55441
92993
88120
97789
50611
38511
66007
42512
89566
44485
80646
68127
29439
50949
30658
93043
30581
33975
59359
44453
75994
6572
17212
95105
35531
36087
7430
32961
74926
16370
77355
94632
23068
87752
20643
99814
27475
80782
10854
8452
47512
70722
95775
84913
57687
68942
43557
94214
59205
44667
46755
74171
26996
65893
58377
24323
51535
71888
55257
27562
70042
41292
98403
73661
20028
99650
87363
85191
89636
18126
86278
55838
83899
91149
32934
98678
73741
44943
28974
67756
45452
21143
49341
60090
22386
129
2130
27247
87714
77247
16177
25719
97375
81726
33061
13539
35699
32913
32613
56945
32704
61330
26612
45343
31698
83117
14022
25466
68563
5568
2964
56289
99974
58758
69516
55154
96825
93674
41562
52515
1253
60789
67040
97803
30896
84683
50293
62148
2420
80103
17666
65035
37840
12755
4042
11447
11788
94174
35714
63633
95646
14146
21798
87390
55336
56485
56356
6561
63543
14339
76417
71449
94324
19748
17338
96938
78249
28858
56205
54328
9651
58934
36456
7240
14040
56273
22454
66437
3360
85128
41434
977
69544
66909
32069
83855
92681
66234
33837
69136
69125
15792
19434
94552
96997
95529
93674
78628
91783
33321
56647
34639
43131
74090
56306
55029
65422
72210
36278
29412
39337
98120
18331
46866
89408
14189
45781
98946
93385
67168
54058
43715
73291
65003
27696
13018
75145
54272
49234
45386
4587
91209
44803
5112
49040
4041
83645
4447
83506
77288
94341
80287
26774
49686
19248
89365
87524
6600
40451
76651
15721
65017
75461
40520
53686
94683
58984
65234
63360
92425
98262
16364
91527
28415
13799
98004
23157
12860
54736
51990
64507
89566
8709
38795
92277
48825
9698
77370
2847
66239
84208
36932
96518
16399
66057
67540
35664
80723
53116
28284
22862
67305
75532
21982
55280
87284
94290
73547
25024
87036
51393
95485
51614
18383
48541
68496
52405
40063
39834
27733
79534
82870
85887
85984
77819
78132
31647
43911
47071
44643
38298
34451
24405
52666
20820
23557
37368
35300
17065
42711
17104
97295
41709
59968
2277
79295
58930
5774
9088
71524
41422
57392
90483
35120
70129
51485
58544
81553
69044
38290
98033
81025
62476
12723
56194
19266
88375
57929
54195
98780
643
14948
28938
85415
45776
48565
80495
34021
4757
13847
70030
87993
49814
40497
85862
36670
77478
42854
71151
31832
44300
32240
85740
9958
49676
55297
56788
40433
81395
7093
58082
21564
63867
70954
46313
76040
26407
18369
74095
55383
39533
61767
94126
48982
50923
90546
66652
7442
89479
36501
83290
32294
95921
8605
24231
54482
81357
9083
73017
22632
11500
92829
23301
48708
63507
60417
25412
13499
4859
81321
37024
17246
99251
28426
61865
71798
53190
67507
83177
69797
78775
86082
24471
33726
63097
64890
99179
43023
2757
92204
42885
61028
83199
96327
57111
35173
56856
24776
31984
23622
1558
30085
56627
9462
21231
31558
70747
99610
84564
9949
58640
69721
84206
57755
37721
8704
38919
51640
47677
36843
54240
35507
3487
20060
3369
2818
35794
79520
89323
44970
5498
555
1820
88931
45940
77807
87968
81745
55687
94513
14468
92173
37658
23019
10905
90430
56240
50900
48606
35819
63021
82471
27645
49061
23914
38997
15726
71204
65688
82595
7039
14197
48304
18579
46572
89612
60969
88929
95982
61420
34431
55598
776
6339
59800
86506
55396
81028
5069
99406
52727
89189
24499
89155
47633
13664
63168
62515
60294
28684
69223
31230
94447
35661
39795
68923
48076
72244
42978
20284
49662
28870
77962
62013
61784
69594
58117
54199
55692
94730
27743
88044
75419
1688
52174
31295
78035
97343
53065
96255
57882
90387
95957
6924
36905
45333
75566
21585
30654
11182
85773
75077
80118
47243
5911
41035
73181
56203
82682
78507
66394
234
37957
19689
57616
19810
86666
75890
53199
96864
6153
87395
19556
3997
58611
19544
8279
59703
31574
12142
96408
65902
27989
22210
89022
38547
6968
61134
90025
54677
49123
16423
58786
30007
96221
65578
35268
9984
93943
34976
34337
4232
48619
30211
81109
19383
94104
66007
83547
48530
53300
53573
15941
56880
70371
61215
17465
62657
84292
50037
93715
49902
12157
715
45934
65541
11525
89633
42565
46951
95103
43068
90876
98194
78196
96652
62536
83229
49586
13981
76389
32600
69905
73071
44084
66470
18065
12201
39795
21321
25922
37800
63962
30266
64129
36120
32785
47605
67993
97773
40159
27145
21158
59605
6802
60746
47078
91895
52508
58662
93477
10569
1791
6479
33395
73861
60615
64779
47898
30794
82471
87159
183
24869
75761
19793
58542
20531
91262
11499
76551
12235
68386
7071
92823
96385
12008
18634
69827
34922
17838
69882
51500
16002
63638
86266
82778
22017
35986
60555
667
48077
67910
57669
76102
75150
21366
35265
58596
91192
60363
47311
51581
70883
25491
66685
25298
70012
38643
9861
56287
64079
37965
71789
67716
62335
67316
82348
33225
58278
22039
77057
98422
35534
83331
34233
68814
34074
57262
68358
10722
95889
71260
85165
12582
51532
70847
97771
58053
79334
2462
75188
69487
67647
64414
44614
90559
37131
57307
97153
90231
34862
67736
52938
86750
94988
74608
26118
9974
71661
76139
92765
43118
89138
97394
5481
10834
21261
53182
17322
9615
7886
9167
74639
8560
39407
5278
13546
83873
92159
79785
47906
88773
77286
59875
68124
2063
73547
65112
79481
43168
50592
3859
96328
89280
53381
29574
74226
81054
10729
63798
5915
57352
51332
85761
29006
16646
59203
34686
93362
62944
77081
70218
14377
57474
71182
88818
94692
63882
3541
99562
31374
44319
19270
21437
38166
36546
45175
76074
3166
18058
13493
14796
71096
42259
69905
36893
86350
13806
98515
27279
58055
55540
98147
65962
11644
7758
74110
39211
72750
92122
67465
12874
88746
67103
29891
12006
30806
99619
66383
87734
35124
78420
10321
42297
35754
98742
65848
26205
13508
54931
51019
17679
35466
87940
1882
43863
87838
48014
52378
5705
11312
49377
87922
24005
32447
13353
81506
32795
47306
19115
60367
8051
54233
7133
18515
34667
51502
9404
85856
82681
12597
12652
88160
84963
26908
95974
83782
82847
46905
22755
42857
33685
14184
8206
42561
54802
46234
28476
88091
12099
53393
85087
33179
48284
21185
89272
66220
85735
37055
84831
48520
31995
62515
85251
39710
62136
51798
61056
22001
51527
96352
76780
39798
84984
30837
43416
4021
73852
70773
21857
71610
71252
64583
85569
99751
87545
33493
26646
91745
73022
41611
68375
96765
52857
85446
29570
99342
70606
17285
71220
36048
20792
20007
44329
6646
28613
32287
49351
4874
65326
82644
12271
80084
71601
28315
80103
55087
97904
10739
39469
67878
60958
33224
65939
75291
58362
38365
18921
55194
79652
12882
7155
70473
1413
75769
63249
12861
56479
11977
82172
27562
22829
98343
98296
30659
86476
31078
98283
70457
94478
4829
93011
51202
29110
12193
767
33018
2337
29542
25999
45433
90899
30088
53240
3559
6632
18366
14150
95730
24111
11650
27147
19341
68247
3289
53721
77666
98167
30544
63281
14583
10537
35248
49262
56414
25397
49430
93221
50524
10688
60045
30787
38824
47791
7024
33577
81019
39767
47104
84568
47186
16380
72236
90934
32221
95594
5825
47953
5695
19891
12688
40391
99837
97595
49313
43594
55637
44323
49848
65576
92488
37750
90244
53473
40296
70065
98057
73031
74679
6805
78625
58125
25622
38222
9722
18866
87911
39862
16223
91434
47657
42769
73927
10557
53427
50512
7429
86417
2740
30189
40731
71795
85131
47633
31315
12354
21508
13219
68432
83261
66177
54003
44658
28684
92712
30362
16039
37236
67755
70865
50689
6045
27850
7797
28242
68911
13591
57590
93338
89842
82652
5324
85124
52321
18659
20568
61743
6747
76416
52989
13900
73758
55649
30482
14775
39519
75221
10038
84935
20583
27679
12090
60365
20520
30028
2820
39309
48310
50787
75670
49381
19340
85681
23302
20200
13861
74701
84259
68829
24905
1838
94821
5346
87876
95424
75829
44144
47465
51828
36718
62858
83977
38128
84543
85335
90853
90465
84501
77630
67868
13886
30232
36741
70403
6828
47170
20648
34170
78753
70226
15189
76918
3021
8341
58419
63873
48713
32690
46283
12084
64935
2828
24829
304
49009
75597
33625
45712
16024
25299
2658
6493
1364
40490
20709
70203
70105
52664
87046
91836
77619
95157
30264
52631
24209
86832
28160
20942
73303
84371
90814
9825
57493
49475
75331
42551
79633
32839
85214
56845
27222
85437
69930
1420
57489
69491
80927
4254
77851
56438
59246
21065
41853
67250
26817
4551
4209
31702
28631
70245
30243
17434
26216
73180
34808
7164
74176
51090
33655
82919
21029
34495
26294
9878
63191
71751
93518
99212
46649
68071
85047
69282
54746
91468
93197
17569
42444
55756
56953
61960
77546
50954
17544
9297
27581
54850
51366
61527
87394
25967
39017
75397
76957
47803
90265
50294
51528
66984
33884
30659
56993
43828
98635
74349
32074
12845
57027
56381
6071
32807
77071
48688
65895
91280
28862
40828
69365
16901
22643
44041
63105
44182
12890
51590
22842
70227
89011
12044
71496
40552
87392
8964
46194
2022
1832
30374
79163
64970
39793
54515
29464
23658
70454
74511
52581
94511
37195
33946
23145
44926
61926
47755
32403
1978
51611
38420
66496
49946
28327
26141
34248
48358
43405
73480
53857
28131
3448
99897
26735
52375
31457
49700
23729
60566
9820
18074
84039
50047
3570
14215
80372
87202
42127
68007
35230
82125
45630
67262
82696
5270
17997
46228
57663
72309
93039
32883
60216
74276
12201
2487
86675
84139
32941
77919
40817
27999
15282
63512
38873
69437
10740
98447
121
18857
82602
68153
71259
46204
19447
17794
67193
45055
64853
70550
23474
68850
75354
65269
46380
35878
36036
92966
15412
78667
8561
29752
40029
95550
59912
34923
97480
47409
21870
7293
81851
31023
60961
70285
75771
51894
96558
86838
15712
14108
90851
88926
59402
42504
48544
43247
79595
53320
6438
64628
2298
93483
63474
31730
79517
75844
311
55841
36683
47910
64232
2849
63157
44999
49893
70955
20533
95256
89391
82215
27960
63600
76128
54723
46276
44401
86129
84043
23491
38609
27751
77463
82987
80008
46117
52675
32792
7451
32172
33707
49355
15139
37892
51243
42520
51411
78976
81899
39680
78020
14251
41589
36627
46476
27074
81826
50172
95818
98150
24593
73341
27031
51492
11383
77814
63348
75648
35053
30224
62793
70848
69345
89053
9583
49409
10244
27067
74375
21498
95758
80591
99866
31262
76314
61391
37864
69397
66614
79534
36710
77352
21644
16313
53817
75671
44440
55171
47081
94390
51319
25549
81057
56918
91432
39642
69051
70518
41849
5320
60651
6267
76800
79769
75713
9304
40283
87920
80485
66190
34932
67307
99249
70384
76847
16722
55801
69103
56049
19891
43039
45269
85267
87370
26101
86756
15973
9928
94711
21828
49891
44951
93808
54436
76646
63719
78004
15960
23777
71880
55065
60997
14060
78065
6357
73987
86861
26287
98077
20729
55216
26624
26096
74259
38375
15665
69371
68092
30768
53285
62124
81507
42628
15540
33384
41312
74989
74829
3989
32453
72310
67933
75745
45876
29690
40138
95242
56183
18446
19384
25663
13928
33753
18214
13950
57818
61156
83285
97805
582
4894
12283
57277
18982
20346
36322
79044
83176
45319
22248
68011
93590
30477
83749
10488
54474
27898
2745
65933
2471
8560
53298
40163
25837
44507
89082
71910
55336
9501
2464
46744
81375
23168
88321
37624
53621
87952
48946
59740
49099
45644
57764
18793
52703
10805
59001
26493
80084
22115
18119
54813
87015
89463
53481
1419
51665
4579
73604
42683
86572
26030
16320
57847
35678
45626
36249
18114
38432
92578
15229
47873
97758
34214
76681
81719
71589
87596
69375
60603
18716
65098
48638
33160
68837
38805
23801
54180
54011
23548
59486
1155
34097
46441
15356
61994
72322
91994
84004
82233
68749
86172
39905
98454
39252
10243
43705
26125
35453
15777
55572
14715
37165
45909
98953
30673
13008
54734
81798
79757
37178
56694
26148
34178
70736
30854
78971
87202
64328
51160
77234
18034
15927
13102
18384
13260
21919
79631
43814
57577
92848
74748
77311
76192
66072
11881
73118
84018
36838
55985
18942
72685
46494
83220
8099
45359
12005
20159
41958
91533
54478
15646
48930
79174
86031
22748
9505
29999
44154
45690
58144
35164
20617
37229
92335
63272
17997
15595
56716
10354
81072
6983
85877
42384
92623
9474
83321
84836
93560
17368
86009
21002
85875
41084
14052
70949
3529
7102
33287
36466
91221
24861
64864
13777
13837
63107
60414
95477
30479
86849
23993
5873
6075
67938
2687
39815
884
97172
86639
4075
73632
93956
56221
92491
57511
30684
89162
61330
19985
63367
93687
9706
97074
87442
65055
11397
754
18285
72347
89026
34109
29635
69982
69333
13028
69944
94139
9147
85570
16623
48112
35645
60471
21215
2599
1658
4840
44711
37047
16998
47744
81553
26351
80174
31170
23306
33593
1379
82733
18529
3968
77241
45589
44108
67634
50595
90117
15077
49946
64410
49260
24949
56399
98007
64788
26598
46558
55845
5332
34953
36355
64377
18632
57075
71367
20892
10289
32629
95020
29738
99191
98317
95152
55963
85805
73559
49948
24158
83728
1489
10013
91159
7135
69307
47149
25301
77195
75067
72429
31990
9053
4199
76217
75672
67640
28351
71023
61613
35348
41608
24433
57434
17544
4683
53812
53957
22889
76391
17098
87690
94632
73513
74697
73136
36300
15115
16372
22129
70646
75442
43963
59538
94222
90707
75881
79903
41619
39397
92558
27981
53215
43185
73353
27656
48146
16068
84912
28323
40289
23088
68562
85571
99183
96752
40057
43925
50095
99271
58824
43340
27880
11748
45833
28349
47778
77681
29339
98940
32973
27431
75916
5687
43531
62771
20612
58111
84231
86167
44461
84908
29833
18189
60251
57421
95505
58184
58112
63615
97414
8379
31380
98816
93863
99561
50141
21609
70954
27738
74955
8538
38346
35465
6501
29634
30523
48967
48226
58303
66856
12777
18528
23716
9793
47260
86641
11638
74688
91254
22088
20463
87021
81969
41418
83257
53226
67359
7919
73741
9833
42387
90095
24372
42317
49902
12929
98095
19821
89289
42278
71822
74838
31642
27234
9316
67959
48868
87896
23933
16972
25976
76680
57547
36865
40720
60195
30967
32709
62866
65632
53315
10923
46497
10756
13073
26090
63138
89785
11872
60274
50886
18793
43631
39701
35304
53767
66255
29697
11554
82003
60867
12946
64027
53301
24434
48400
39686
61227
95635
28603
84403
6688
70956
1718
97771
76196
28263
1184
61160
45373
38458
30766
46269
74623
12347
85612
16949
98377
99466
51022
95802
21896
28381
9736
78849
30337
53835
5895
46513
83666
55126
59191
37234
17933
12256
96268
21219
98560
71590
68129
36137
74474
1198
52034
24027
63317
27527
94328
39255
57387
39679
36658
81017
77589
45338
82194
40742
18400
63266
759
44665
20682
41265
42185
14913
81165
95687
25742
68633
57510
78763
152
24024
56097
93446
23485
84556
96010
91956
95132
28240
27191
13830
83112
37492
43301
42053
29097
66963
70584
81709
80850
61649
32841
94616
97175
5633
89627
55504
93996
3053
19855
30586
51871
67157
76233
17727
85008
20777
67293
28929
79778
92109
33261
40475
46733
23385
69588
83828
94328
96828
17717
1274
24795
22232
86483
44277
73066
23573
89522
49662
58143
8247
84181
88996
92986
1853
75611
49898
3796
83860
6097
74539
42431
65101
84151
50194
36784
6692
20470
19492
13076
91804
28617
53855
41304
26668
17099
12656
518
65245
46506
92722
34111
23180
50475
58096
66973
71004
22450
28307
86159
73948
51572
94958
44609
76340
50502
31007
33506
12215
55562
54931
83025
60607
95344
12793
93491
53919
17715
45261
69391
90843
37201
13764
27218
1486
14759
70190
74769
61677
10214
67954
14341
55878
53963
28727
5123
43677
69040
98780
31182
93538
37200
51627
60542
9304
43452
19535
48185
89878
52266
65487
31185
30592
65694
39294
87733
95943
88718
96820
83471
67712
80365
99648
8336
99905
491
54037
15021
92544
71588
92639
6209
30001
62573
50191
81872
16407
67250
35296
50249
80590
93979
54394
26479
16090
5043
1157
91445
67944
44325
84799
60022
77318
70117
34172
12707
47422
66232
81018
77528
99796
39066
95375
10160
48669
20847
18896
9331
32972
90047
17716
21899
10480
88748
55501
37378
36662
63778
69446
45228
21971
83476
17247
29904
85671
85191
51441
8397
1687
89993
69021
72985
62562
80491
78859
87852
71307
75303
27218
2491
7696
49412
22524
87014
5569
43515
4564
64948
20703
77409
10412
17610
65064
32613
99628
60830
32515
97567
14661
49554
43541
75196
68905
48794
92094
36989
74451
20412
86352
70454
44367
14378
37016
7428
30193
20458
61699
39649
84364
31661
42031
24927
69375
94333
91301
62357
70781
71435
64753
68242
9490
25336
72134
15752
90320
34360
32609
10794
68408
93344
45886
64185
62821
12659
40204
85940
97606
22393
97758
71325
4494
8838
51229
70308
78633
58929
91262
32135
38959
64968
24051
94976
8199
46740
70647
46944
93995
81028
5142
19251
22295
89596
87609
84874
46867
25837
59469
26816
34713
17600
33901
8902
6140
69086
31994
29019
90371
98277
86507
59811
42864
87983
59433
85056
58832
58407
97014
21302
9023
27027
76393
73823
18398
7622
81811
13525
6129
14440
85048
77196
6191
79789
94770
87302
91869
63743
82489
59519
34577
33177
89050
16312
37678
14028
64879
53041
99363
75446
99644
9486
75141
87414
52571
84092
30131
4456
3342
90895
94107
67211
5312
99750
58104
80919
37723
19390
80415
25315
21683
79767
1943
73910
85825
45257
6103
52341
41921
43522
96863
45247
58145
26160
10023
69009
98246
86768
17446
63772
28593
49625
31714
22303
81855
7927
69565
65517
6049
34352
86461
94925
20707
8720
51785
809
48165
7590
94395
81539
87242
78872
11652
34300
49045
80875
1559
10342
80194
99685
47245
88952
57457
71368
55807
13470
49601
26213
29394
49987
7197
41074
25426
74747
59195
32842
44945
69824
66272
51204
73395
8307
5277
32003
86465
40006
36519
53948
25145
46594
36245
811
38790
21154
60312
68915
92723
41254
41892
75384
37781
46935
15995
16520
43251
5450
6635
97608
1705
43088
8692
5572
24572
51095
45805
24117
60611
27502
88106
97336
85962
99534
69133
32251
34112
82379
49987
93328
56816
69182
40593
82757
32943
14479
2875
19114
71183
68642
28718
24002
84697
44483
6781
1378
51051
48805
66548
47462
9130
91468
15433
60523
86268
92466
65339
29249
93422
43532
78738
66068
73993
44955
51185
17449
42785
30569
87093
27115
5559
14306
18680
50029
6814
40208
64187
15141
13650
94482
20772
13085
6958
42950
39942
41389
17678
90166
38944
74193
15519
17497
60221
36122
30246
46637
2867
50626
61562
92300
14953
1998
12594
13247
53656
97212
64117
44344
91316
38848
91919
94009
69881
23587
18082
21175
83607
62098
78452
63826
473
75619
83205
77194
16461
62133
45187
53852
73649
40761
51536
40233
63032
76834
58164
34529
76023
62100
93748
49421
64806
74581
70171
49797
21018
70874
9707
30365
84660
69972
15777
80994
50743
72215
33691
98654
49827
19531
70588
43969
40453
43884
69641
7708
66398
69667
62592
47921
99751
32771
56840
81985
12003
54149
48516
69475
89658
58915
91408
1556
38313
63371
93059
20517
99713
61824
54007
29078
40008
32658
13911
13299
54210
48839
19136
95160
71836
21891
80433
51332
41748
30334
46424
83161
20427
83711
78901
99580
87211
51493
79297
79414
62480
42571
82198
12480
10329
55449
1415
79910
65978
31899
86844
23283
39956
37538
26272
69439
16070
61634
5258
23258
78211
75437
20344
14225
72253
13409
26143
84256
33615
44960
85178
34051
88499
85646
80884
3150
67372
56257
48818
44898
52976
35812
78840
71685
21932
70211
41950
88123
28985
92134
99441
224
25969
79768
59164
87167
3776
31999
53963
48935
94937
65989
30710
97839
76858
49341
54872
44917
71309
63581
55167
43165
44474
58255
55647
88782
73679
95664
68379
48835
61851
5118
48945
79217
48835
62556
49078
20257
89888
86474
36020
9036
45968
94333
86569
27232
57914
94959
5275
11231
57135
1927
60878
87270
99152
40515
82847
58556
93139
86531
10738
63561
40542
19179
43103
45139
88951
92082
89822
18612
53551
26697
91951
3653
57824
10572
36604
89577
97617
39232
60846
36551
38225
74974
8235
76281
12870
8438
74390
64887
2749
99531
53836
57965
43765
43161
79408
23240
23137
52178
27584
79764
265
75029
48403
54249
10540
68872
66998
74934
88233
30205
95262
81280
75180
44582
86805
13834
65641
54557
66126
62742
74543
60715
63772
95705
6276
64530
93294
56562
44237
33731
12910
24225
77549
20959
25066
48344
30669
94737
80432
32889
64066
48113
69411
21711
69677
34794
3845
51207
93602
45223
14346
74367
80245
75727
14596
27751
47108
62759
12923
8382
67469
51190
83622
51052
59403
40729
45714
48208
53883
7764
35238
34374
42181
31261
98678
64963
83311
60839
79715
55381
85988
52729
19314
10481
66370
65054
39967
66702
22789
47703
38973
89650
61771
84066
72721
18416
55789
41969
74233
24554
12564
69395
9568
58482
88128
26901
45226
88929
81449
83136
68286
2108
7107
12446
73800
16463
54318
24283
9816
86097
5570
22982
49416
11435
6150
43438
41299
49168
47102
33319
75663
15227
48407
55671
90547
4282
6662
67112
35286
7212
2075
86301
2350
93978
43306
4945
36620
43546
65479
9351
32004
44739
86642
74356
29312
62360
71028
63458
36453
61404
43640
19065
2229
8896
50017
54990
88437
27638
57467
69681
1440
59070
49636
83147
64033
3485
74953
63130
31168
45008
71321
46801
78982
36007
4361
83104
25587
11051
24589
17852
74188
24031
70078
18763
4376
53746
15502
90855
75794
3022
95878
63976
49905
24353
13892
43690
80202
41093
73400
4366
68950
97366
68494
69036
39453
62173
97474
64408
26820
33572
64131
61427
47336
37337
74941
11868
66808
91171
40079
69633
51632
10334
38606
41834
52822
63451
13763
49152
42877
48303
22962
87607
98122
46560
78928
74573
95031
33717
83336
30724
68032
65871
72409
96572
58457
38554
65078
7365
69517
14461
28662
53303
30580
46716
54458
33429
65534
82229
66177
70966
54638
15718
67889
95527
77027
79155
74925
13297
21902
93647
61136
80168
60466
81216
98985
64764
77757
32423
65131
38398
73826
52497
33470
57218
57045
63371
80060
8160
68881
21973
79916
74779
99043
26114
84336
41646
72722
18521
29265
96713
17482
66814
40119
9891
46374
92645
66575
63071
25994
46767
2012
81897
33415
78441
16615
72851
44369
27375
60582
527
36476
74327
74467
49456
36027
22498
77338
2461
84522
46035
90295
33202
52079
34225
92808
54460
78805
80396
2396
85656
82386
13050
14372
3208
30366
43429
37704
15555
38991
8497
15458
61007
26996
21239
23866
61085
22321
1184
2780
74575
92531
47264
82032
88275
45553
32365
33229
49234
26384
44361
94514
90281
17528
71948
87074
25723
36188
35259
66440
97311
9607
91015
29107
31936
1464
99899
25547
31978
56860
29852
14373
56825
31177
83162
29261
69826
68977
77509
20129
18746
3104
81516
73195
89812
51297
3914
10671
25506
97862
62088
20213
24488
61330
10533
66663
48389
65536
92684
94190
44678
51189
90617
35627
57411
87749
86258
7629
38386
71295
15041
85205
90080
23105
88369
17247
68720
35761
84743
65870
50925
48869
61117
26701
20594
74851
15792
14690
64055
36786
42094
80570
70963
24881
48099
56817
26024
25929
81850
18745
42375
30982
93769
86320
31251
80465
88400
85370
24588
63096
66141
33011
67278
45227
32286
11470
74027
70596
55496
46907
2119
36989
90698
15401
25847
25937
42481
56966
10978
34331
34193
90278
78362
32708
65242
85731
14584
53980
84504
72506
34614
98487
81290
26538
26425
26528
96966
10567
10835
97891
90119
14913
31140
9410
46075
78188
46585
76208
7585
50807
41336
34
17696
1054
76311
68994
8066
53309
5091
36952
36428
91184
47112
38046
75415
54472
61414
1972
81647
8119
92466
49119
28728
63908
65929
61086
70752
91070
96680
41793
13931
60765
34039
7117
13106
31154
9841
66873
77221
94761
73852
91975
63215
77867
98023
91718
61350
2881
6113
61402
26635
98935
38522
98879
90794
73412
93429
30110
97150
37673
94882
28459
36807
13922
26037
60195
28707
37009
31476
39554
78377
4855
36394
30716
70647
24303
52409
91192
103
45357
39836
11339
19737
76096
74514
68151
93016
22996
23594
77923
67521
6952
69197
2047
49335
63996
31416
32954
46504
51503
32902
63075
67210
45642
16068
18706
3684
33868
70966
22811
6426
77484
56973
36016
54957
43560
4615
13451
61127
82996
65268
6589
98894
62044
35884
33880
40537
38308
23528
41686
93421
9067
30220
77969
73719
49677
32428
5118
23907
2920
1524
85484
79378
76316
61618
83418
16185
53756
9415
40993
66721
30242
27062
1090
73012
34111
3468
71177
58401
9760
42118
43824
37489
95774
74196
15924
51544
48243
14614
77560
11958
27139
95549
73593
57892
84844
87202
76310
85891
70179
68674
45850
89061
88777
43237
96605
51276
41191
1735
32463
77947
93802
25455
61476
9037
24445
85523
51439
52278
24573
39725
41855
94983
32882
49650
84905
1343
21474
41116
48279
78812
54995
9077
76115
1901
95580
24576
70796
14685
32044
35742
27975
94297
70411
67462
29964
46885
34738
15065
78487
24789
92076
96201
26827
99070
33524
72083
53483
95114
14493
74343
4763
647
81631
76985
22057
85300
91292
34271
61095
28781
55000
64819
5078
40735
31058
99841
71354
69535
18250
29121
12177
39530
97553
72204
14086
26695
10812
74252
7594
81161
61550
76087
9091
31750
72379
36195
30286
62437
35933
88796
6989
33583
51808
6572
18670
31781
50684
99205
92996
71363
68615
19670
15408
37862
49425
68992
92816
59162
21208
87216
52621
13581
14123
93403
93517
35815
60989
90684
42911
61432
49629
83790
17302
58537
76480
65887
26594
31251
84672
19205
11055
43807
56600
39631
50537
6366
70954
39301
39556
84041
27237
3192
78972
39176
86991
75822
95253
93574
80268
32375
61698
2158
78335
44932
62486
62452
39143
88937
10052
45325
90818
47661
99050
21563
30202
63115
56034
76161
78466
50724
22988
47615
53839
42056
94990
3023
92711
44983
17506
61485
74679
13881
37236
8057
84553
3822
91900
98442
74884
42180
19007
40617
76306
88690
61385
53773
39748
70678
48141
47219
84573
74088
33721
32316
69711
42851
84865
79037
1088
89262
15513
55423
37939
46264
83089
42962
63060
98860
76098
3870
37599
16370
42601
87238
69679
69833
31889
221
87993
59575
47539
37686
26397
96837
39076
59171
93659
80291
91541
25541
23646
83400
7576
59374
75611
21786
14965
72908
81629
1124
74115
15285
18839
55555
4561
26861
17814
74186
97345
52518
5213
79015
31001
58190
18790
61404
62873
15239
25941
6261
24631
65827
23106
33132
11096
59124
92711
61666
14868
52950
46748
65252
25751
8369
91658
11083
83610
65792
7891
97531
46033
80296
49307
90415
8054
11167
32560
28597
90212
6058
4621
16323
93321
93730
47852
44814
3613
953
6298
88833
20266
38979
94348
5316
68856
62873
79464
20608
58877
93032
14367
30460
41257
2404
30896
52654
22643
15169
97690
65974
97265
33080
86910
41222
64285
4186
91408
20057
8832
75321
83074
25678
38243
24541
5524
95703
81615
52562
49863
12090
80308
23347
70952
65506
19886
83092
63415
32323
79786
54188
31566
61222
6052
96117
55520
63386
44594
48804
76911
75352
7667
25568
1984
16808
84667
2649
47254
96996
49834
60156
33505
32801
64075
65332
67577
29273
15888
53207
38214
38985
97237
51964
92193
60538
64237
20781
50006
58433
89625
16433
66581
86696
74273
81597
41809
76805
48344
52604
38127
6850
59226
17268
67938
3331
12987
14477
72369
39564
8861
56382
24658
85426
82145
71310
56422
32006
49901
10925
23117
61674
35970
38723
96195
59231
37079
18570
93770
62971
80181
51807
39063
35872
12693
69351
66450
96588
61901
71237
78624
87511
97575
20232
95220
72908
32716
38422
23173
53975
1339
26084
22143
59614
59352
20697
34558
21860
64826
40598
99117
73091
7347
12579
69037
8501
72615
65635
11919
41803
48129
84094
76776
44701
98502
52538
75581
1424
64871
92199
41654
28443
71837
83919
95261
6463
57527
96315
67981
46887
77602
89434
11736
68180
72429
43976
45797
88885
28130
74070
75660
53537
6851
17626
51377
95308
69353
62445
19727
4951
63906
58558
64588
19429
9460
87655
22887
65631
58201
9039
9747
94639
82875
78162
85741
20242
97600
38605
51594
31761
87427
21267
61274
85679
91525
45572
3061
93222
57612
6651
10050
11707
61156
49750
26433
16357
61836
78524
74018
76241
51936
17402
34586
83098
36530
49890
88071
85021
73769
84441
23900
58332
95023
57441
73493
10456
19296
68901
95523
44174
74074
60596
82438
29400
35648
88678
46605
22431
5946
13208
87583
44624
50062
25573
38151
82529
28903
61441
36091
99753
74749
1643
71131
57151
74052
46349
12030
22433
41406
58875
27491
12868
91378
14658
76381
55485
40770
58212
57701
68019
2900
66277
78792
60829
67588
38926
21485
35109
95820
92043
60190
5927
96415
4370
13369
9994
93552
80235
90426
67519
38607
25117
29693
55112
67540
95341
10065
12419
55923
75505
58721
49026
77732
57633
70479
40126
31109
44601
498
99555
54624
77025
91373
97030
20863
87600
48089
42742
60747
19769
79897
96970
41567
8678
86837
74942
94493
11468
80467
7912
63188
91311
93292
90279
24177
4950
49454
89507
11719
17074
40439
20756
65219
66502
73867
91307
5569
38942
40877
1259
38331
58991
78184
46393
76282
103
84581
6753
71619
25372
88459
20183
48980
14301
52890
33900
34463
1117
47848
99195
82920
48725
15365
24397
16100
9072
2710
29515
97555
75457
41153
52272
86760
15248
3397
39747
34488
82496
81502
22430
4284
49085
88898
8211
30713
60378
5062
52689
54091
16678
49464
59141
3533
5401
92618
36592
35389
60502
86356
97671
72542
5471
22897
9248
31528
44141
12865
18355
69068
99589
6074
63474
27377
65536
65732
46993
8457
26997
46649
88501
61622
27274
21119
534
25606
6985
42298
28513
26871
17426
34268
74814
99114
15393
50367
83275
55458
79462
46983
94899
14463
48806
78639
98132
53838
74735
32089
87797
41600
92474
82011
15626
73463
66083
68998
62303
27327
32959
71731
86015
31030
76031
69516
5753
27879
81530
68828
58940
15988
98136
98060
32428
32086
99331
58377
3526
48200
64968
55383
43411
50508
40312
26244
29167
73651
1263
19996
82620
70932
52974
84945
4268
11080
15749
66380
98821
5624
6908
20267
95206
87450
10165
4166
48363
80725
35173
15283
72781
25122
8988
7405
98404
43184
8511
33409
58419
68638
38396
28071
15403
85618
82415
67144
7386
64007
7953
12939
48635
14483
83080
84122
51295
28364
73566
67982
43498
11959
23235
27135
47157
72921
85208
39425
44376
66929
63885
49750
5249
67079
47922
5587
71823
75448
62968
94175
93054
56596
49641
98675
83841
36091
76951
43000
37563
73713
34318
644
56005
90567
6377
1471
73174
2112
23887
82285
40211
85003
1382
91921
7473
84611
17587
79664
86806
52268
68185
67009
2160
86473
22135
27069
39876
40745
42588
73405
91383
52237
91294
90593
40441
39935
21484
22560
84741
18941
78330
71504
97334
78281
68394
50203
27237
73646
29883
73526
10538
93609
34050
71205
13420
68139
74767
53198
56717
1567
58042
61453
78017
28715
86213
97422
71745
12471
42534
23372
10290
23919
21071
97367
89964
71921
14082
16731
64394
78149
64487
12848
24966
25605
14551
61389
63009
43999
33572
46333
1636
33663
87159
43604
16505
71246
18572
70724
74249
85012
48660
82555
4898
35359
65068
80031
90365
87017
63684
38716
94885
13428
25705
57102
85305
30900
62236
70724
89192
20406
34980
77538
16954
58280
66400
72377
30533
43542
85596
93939
75677
79234
17223
46406
7422
37909
9897
69615
29104
17260
17836
96668
34116
70918
94913
55908
86542
81555
33791
45383
1948
28691
84509
32264
92796
91971
16656
7074
24320
22206
47171
53203
86154
7063
41872
75842
22622
56092
12938
71303
80302
30603
76890
7616
25337
47964
7997
30379
54937
96964
20597
4021
77602
11198
40452
47952
64844
60752
80065
29508
83494
39022
15794
31193
2204
41087
75614
18375
28297
52834
85571
95441
71890
95917
90224
53332
53023
2609
57794
79470
64529
26760
4302
22250
78456
32321
22571
76626
37090
39263
81828
84719
971
48239
71505
25978
35756
9962
98878
5082
7406
53004
14365
32630
20860
34650
30564
33556
81250
33377
21539
11325
78642
58726
37387
42107
97413
14539
45790
72491
29592
14927
17026
46701
27832
18853
1839
94865
68151
18825
12586
72582
5203
91951
7270
53831
93523
97492
93301
44216
17076
84060
13296
99625
16383
51707
48727
6533
27608
99451
78883
4536
51227
77115
62435
9121
49206
51897
66756
23246
29142
94706
56214
10005
11363
89031
64808
35457
90760
66031
20801
80651
98920
73501
61412
64936
44151
93517
74165
18840
57039
33809
28168
94124
97441
31298
13344
1045
85146
22723
88593
18446
900
56933
50860
30963
67114
46152
76265
9473
58275
79415
51729
65834
9938
50383
10946
81055
92140
83852
12075
27187
88193
80557
46198
77594
73012
38215
45371
27660
16509
48287
66998
28573
47017
12546
67313
70530
97360
71302
40882
38492
21854
86013
95360
3596
16407
73009
51121
6360
95842
42199
3926
34051
82676
54862
65450
93861
39795
78028
1277
35994
35833
79437
18875
86361
66509
76706
19118
7205
67815
27088
14048
15876
47612
20070
30898
56844
31097
14090
67757
40155
62550
40745
39852
30702
30843
85153
57021
97006
89481
39485
2788
5644
23218
18195
43324
78022
72824
18105
80638
9894
67132
4268
78489
90831
27251
3376
31791
50792
1659
90531
20719
4022
62863
62290
89217
56671
46424
99154
14314
93883
41346
34079
87406
64492
47207
60044
11583
37092
97841
29377
30130
9876
14028
20290
40460
18503
88315
71917
15051
1175
23994
18215
46355
48162
47193
83154
56182
84228
86157
34919
61735
6708
65014
35208
70227
29433
90657
61212
81968
63278
20875
22508
17800
97777
89415
42825
50937
35080
29440
27543
15563
67476
80639
91788
84935
82750
87262
81091
60271
27852
94413
76869
88378
60663
28199
42334
30758
72095
1629
30959
39819
66307
22684
49244
58880
45546
93532
38300
51809
57886
80612
14621
85410
31148
4144
89443
33100
34277
42611
68193
41935
78702
72827
16824
6724
96491
69469
70148
24736
9561
69256
48860
62434
34773
64469
46504
51686
53423
28068
45439
47067
10483
88417
21702
18184
98839
65450
2707
21296
26901
52104
48808
93125
64093
74927
40041
36324
8093
95994
62724
20936
20096
24630
7091
9018
29982
91881
6790
20690
21916
3296
73792
99001
72761
26298
8176
98302
30608
87267
91229
16218
88791
50429
2444
12849
31968
25761
36250
12499
5128
6303
32682
62999
83865
66677
77715
35618
4807
64023
73594
84583
48770
70198
27273
49382
56045
29808
55933
75328
93155
82456
62556
48253
83482
9605
91681
87749
60369
66528
35684
20025
607
38036
25351
56238
48656
13037
4966
35069
47527
7453
61812
49344
50942
77598
52697
65663
3187
56863
46027
63281
38040
17405
76930
63918
66212
5483
95082
97657
91910
24208
70120
51825
23496
40698
7921
79460
20605
75942
22534
1933
50680
95192
3152
26305
11571
54285
13311
12164
13661
72997
60330
64961
4907
412
77062
3305
65279
9251
65103
46170
93250
6187
58910
92666
56308
73416
83614
21783
79919
63095
95851
22441
4909
50723
16545
75217
51956
16150
87331
46267
93670
61614
8198
21256
49704
95056
42925
2520
88385
3939
11002
16211
39567
19887
20020
27844
97705
27687
30835
44449
21596
3552
89377
89435
17811
76999
3554
72317
28522
98308
91479
39606
31235
59246
78129
85466
97908
58586
71536
21127
53982
25924
6751
50597
24030
17399
6060
76876
50093
75138
67336
67641
21148
98597
58883
42309
57783
10444
68786
3394
54798
12229
29516
24258
96295
15803
14420
22614
22749
5292
81742
94584
47622
31428
23944
57607
92269
65107
65326
52197
32220
40276
39377
82304
25325
97620
68736
31949
22868
99957
65301
81857
48385
27869
65778
63934
65807
79827
18831
33767
48430
94886
44005
11692
3305
88029
89708
41546
1851
38318
27827
42845
16775
98243
35885
86953
67840
99002
34189
10678
34607
10918
65021
91800
2933
80794
23709
50174
73843
8749
77246
5347
78349
45885
35184
17029
9825
91161
69614
58311
6752
40893
16328
23156
92984
97571
27614
49499
10084
75989
88657
47192
56886
54192
54143
56067
85112
4317
9401
23533
86683
4140
11330
83452
48326
73983
18327
38397
42118
5617
75587
95963
66829
49875
82379
86454
54211
7934
31303
94057
6858
27570
76014
66508
39779
40129
53547
29321
56584
86617
60124
19776
2921
71966
55189
73173
4820
55437
47451
39261
17611
32059
98815
80285
82290
85115
67356
3744
10551
92904
98842
12768
97088
54359
67866
14899
88401
57573
64207
16111
20975
52876
17864
41069
78553
7842
57033
62904
8157
15438
97326
96190
77567
98512
67660
5354
53174
3906
88489
7399
26429
7702
31427
2613
19553
59475
5846
49840
56752
77863
37600
13935
95850
72404
27858
52171
77084
7286
5835
73666
60748
41498
18266
1299
93437
76878
30568
89107
63817
20608
49903
99859
83200
21956
18722
27231
53604
74416
68893
54948
66567
83835
71119
81307
9685
90769
62128
1620
44619
972
82990
33420
60316
21823
15909
89690
98201
24433
63979
53904
92325
51277
78652
87316
66746
67451
3019
3731
84889
9941
65541
79921
51164
23832
28479
30829
23837
86924
68017
67935
9964
14984
38977
76380
78115
8697
56003
91895
42724
50334
5238
32101
45050
83299
85753
38406
80070
10884
68397
14516
96075
31950
51200
5483
24287
90701
85130
47248
79521
55339
41723
30796
9721
56073
95016
67337
62153
6853
94195
11316
77097
7121
10503
96608
16062
70010
52220
67904
80899
51620
54884
44092
82569
62359
70446
33325
73960
25803
98669
30530
69779
13129
26838
67242
38390
21906
69734
50970
65420
86862
30809
26667
56986
7224
37658
16461
71620
50333
40103
45412
44278
44443
97618
40888
93245
4985
24302
1044
81332
48012
4243
63925
36453
32181
37877
72863
23461
36323
30817
26162
99102
23504
90639
19414
74982
64465
54221
37389
59644
93403
28519
29053
50169
47312
91004
4072
96160
96418
62527
22086
64523
7721
34969
7029
92162
96284
8818
7987
25516
9589
71679
45320
10810
59151
27729
26217
16948
60559
70256
87376
44191
68196
74689
24159
96049
94115
77874
95370
69284
81904
896
50687
47473
65847
67335
13857
67268
83260
66636
68875
63326
23651
13115
38689
87801
92142
55159
16374
43365
36624
96281
7230
64925
38161
99976
66967
34505
92418
63653
75875
16217
16224
63490
71815
53791
97832
91616
75904
81854
72090
29837
83909
63947
42389
29965
63670
85200
90169
99831
94259
95679
9680
26180
6151
21589
80843
913
33307
35837
46229
55512
67872
6915
89571
49981
16110
25600
22652
7282
90214
42694
75043
31993
34790
37819
46872
2773
79133
79224
28647
82255
26764
27654
14156
45111
42295
83481
32518
85247
72292
75649
3741
26532
41648
43409
78430
27912
99829
67387
56813
43409
52445
65227
94807
70281
2720
78861
95607
94446
44736
45401
54100
21333
95743
61711
68390
62419
28339
23923
57818
32965
65015
47452
30092
4863
27312
50533
21458
49988
89781
14849
93363
4088
74939
20527
6617
79013
39602
89575
9803
51918
45245
61799
72537
64144
75450
70286
66137
69545
62054
79737
44362
82338
8235
259
5119
87886
51612
91641
20360
96358
93276
28743
5891
38836
29783
7280
65382
28173
64227
31136
83612
32806
39841
37242
62830
40727
34983
82167
93073
22934
81861
35715
22385
40950
23072
1185
46109
81369
99746
9336
65770
41902
73060
13730
77533
38006
16880
48753
37818
46954
83464
98495
19394
57072
36446
64538
15095
43873
65722
13850
68295
51950
47409
34093
9363
21734
88696
23040
55555
63633
2185
91186
88131
48515
87259
62225
54974
53196
57011
14769
59573
72290
38457
20474
87965
83682
91034
98699
94070
33903
33776
25883
10827
91779
45133
9022
79648
4011
1019
56933
93910
74706
46486
60450
33570
82390
54322
23246
27453
42663
9906
68677
17357
22394
75811
84865
13852
12268
31948
60161
27493
68455
57418
4213
31125
41347
18822
46043
59092
19520
56387
49863
77339
30488
14109
91802
64781
56309
42961
96258
30769
41728
17308
39326
56072
95293
43785
88526
85548
9788
9218
63015
19482
57273
9533
66537
47580
46226
25188
66559
44679
63457
60272
67323
475
61908
42233
52050
86903
96922
87090
50024
76281
58188
71039
18041
10941
92361
13486
12483
90764
62184
68877
68219
88915
41987
45052
93646
28021
6543
14432
37306
49152
30507
60962
80893
84173
79088
10572
65861
98395
37035
25771
66450
4914
92730
6068
80590
64634
66854
25056
22020
76685
51043
52276
61829
32806
902
53401
85773
56221
9892
35807
4829
70642
75884
8252
80839
48260
60497
53195
6486
66921
32897
68151
9435
66165
84334
18577
34160
29402
97448
58867
91784
35223
55261
20402
58219
14686
78778
35936
43944
23398
89246
68188
54950
87298
1361
37138
13712
9295
67117
95336
11476
30225
6481
83408
18718
22101
80691
9024
89328
54199
86774
31710
55880
13269
77695
3194
28302
77982
41623
8389
76323
44723
5863
75637
97244
76917
66306
76506
44943
3319
81602
15216
23411
22011
12771
15687
28725
76368
33606
50217
57036
56819
84948
17989
82966
47953
96832
73858
52754
84395
56472
28306
29559
818
57200
87970
74513
61569
23721
82823
46446
33608
72433
30858
55620
22820
32050
24045
12415
28196
19413
80371
70561
81018
38114
95910
76356
26888
43443
48187
237
77278
96173
47491
45135
4268
9819
6322
97254
77228
81273
98831
9207
43432
83087
11901
82903
35915
87180
47395
50131
51396
84382
21183
32489
78646
61972
18672
99113
73434
2246
8872
30621
70018
69175
89447
40716
91116
57303
33715
3134
68404
87331
37238
80889
13801
46189
16419
57256
88150
85890
94439
23448
98371
15133
20893
86688
16776
40318
10662
24149
56946
38566
54824
23207
59412
74310
51815
16497
37373
3159
30624
41464
7765
42001
89406
28429
86228
22677
52738
48592
55859
88063
58617
34017
29116
34042
22350
15281
9833
48577
88644
9322
28029
49994
75486
29951
64047
80579
33818
86547
521
68734
95542
82672
40773
33160
59046
25630
10475
65960
66249
10463
15728
98016
58047
47414
65225
19653
56084
60615
76722
2338
7947
97533
78793
43046
50152
53682
87679
31940
88703
35162
86014
26125
70549
52771
55309
97494
20908
65766
17312
11079
51228
70783
20677
81790
464
61989
68890
52090
58367
72240
22956
30892
33664
41825
28105
34829
72283
51330
7612
77088
1179
98208
38785
56082
71877
92836
76302
6530
4472
99174
16268
88869
87648
47554
739
9433
73161
2714
46910
83463
14281
78875
47787
75760
36838
55480
31845
79694
98822
62148
88075
24245
89861
69473
59750
30928
45475
43476
85360
77672
2642
95854
18388
65113
3003
89583
88935
22286
57936
40027
79693
33281
25784
85386
76336
14239
15654
87117
18160
20900
24513
60930
18606
20941
34711
32010
47308
22464
47578
54307
65396
10237
5434
33069
83982
4711
59115
42208
72161
25267
71027
33684
75258
8863
4780
94755
16717
7926
41631
20789
47715
67273
81215
36239
77423
58804
29480
14488
63851
34876
50271
18421
70258
46492
58668
7937
95385
60831
63959
38023
67058
4157
28055
1605
48241
50745
91178
55056
42171
76262
30815
1081
98950
94867
62219
93627
19812
3339
59146
72540
27261
62654
72058
31864
19362
57683
47661
75033
54705
89078
8471
12594
20895
67884
33969
13721
23899
3093
95967
31423
98191
95063
39968
83207
78332
73625
71564
83858
91497
48720
2362
95107
27419
73493
33427
78105
17312
55078
5919
8986
6582
86646
28374
45188
37450
15811
97983
10821
67115
9112
69276
3028
34654
20052
87760
8110
55610
19035
98356
56131
67027
97568
58890
35789
67709
16208
37415
37510
98539
25995
48825
92076
85938
56485
90985
24491
27885
30018
73519
48402
36397
31457
93442
85050
62949
35404
961
2557
24069
68796
16082
36303
13148
65744
2048
69192
31519
53646
75177
21814
96923
94841
32334
26831
90733
96455
7038
39336
86627
92589
23151
65517
62887
97639
1079
75647
38104
27269
85632
4236
85783
84473
6925
30109
77187
12127
56147
72274
73744
20591
56552
33594
40422
9149
36661
73627
79719
13492
67497
94420
92247
27897
8539
78618
54364
70442
18142
27935
65917
82316
23318
11859
61868
78160
11084
51390
428
93403
98938
30696
37295
6675
65626
50742
70706
50608
74976
13282
95192
62764
5375
51029
33336
69886
5382
408
24245
43330
31991
46951
35085
11267
92236
60252
27741
64139
1089
75310
56491
43850
89047
70166
94600
64294
41303
35939
87781
71103
27093
34657
10748
11833
82546
92762
59389
54363
43346
83688
45593
60854
84466
11633
74333
97426
13470
20459
73366
35543
81117
16582
14714
80121
18420
12789
14105
41511
82871
71122
19621
53745
98162
47252
4037
29815
1569
16253
56681
36276
71017
90204
30116
64067
89941
21791
34539
70223
22159
24837
88514
66011
11306
32689
28528
31031
89766
58413
51785
39970
80562
16965
16795
98912
2361
18806
54514
1539
42494
46890
49144
32003
45836
84494
32178
60931
78403
70077
95868
3742
63691
17153
73015
36352
57078
52110
48837
92344
18994
90979
67640
97804
71129
97345
72095
35281
71587
37890
66196
66709
24689
79545
24249
86638
49042
52738
77795
21730
63508
38963
99901
40259
14894
27684
72012
86204
63448
27536
62400
6554
62657
9866
67203
97549
18402
8817
65170
55861
89145
1508
15415
84062
93649
44288
83885
66272
25613
46601
18644
99478
35654
22706
6758
38779
30227
73311
36214
90695
54345
14101
55204
67671
70394
86240
68047
99050
18862
55087
32146
79035
48445
27695
23573
20531
32815
97119
20235
75282
49207
52087
11065
75328
80046
74328
77233
48568
12972
82620
7152
62102
56928
72597
848
51009
62371
44403
91281
97372
32204
6485
60266
34586
36689
93114
54891
65402
392
35680
16658
98615
12108
83382
20065
28985
19760
77586
79921
7688
11422
46001
27430
76510
50900
97701
73921
67970
31720
68136
78061
5712
36902
84436
7510
74741
43561
95651
39170
69477
91161
39989
73567
69073
40158
1702
48324
34115
83812
43941
23344
66536
40078
90738
75981
25477
42826
71199
88378
45827
71983
32054
31091
63307
10780
70935
47226
10200
94926
42018
19541
9231
23301
38153
59305
59597
32710
59143
90196
78756
222
34537
13087
36376
25837
81117
28322
92688
65452
40202
60923
32512
29554
57946
81126
68347
36574
43015
37763
71172
11511
60345
25216
75976
50201
97097
86029
554
27558
67528
10714
10725
14085
7170
33917
62873
79184
43515
41803
55619
2015
20378
99384
26398
81117
96128
78478
35882
32501
32228
17094
93415
92604
37783
69251
90018
97279
38283
10586
22023
90887
92252
49594
8032
30633
88260
56922
24633
90383
16503
65868
12197
35565
24165
16095
31088
36092
31788
9518
80733
7823
9107
22450
29265
24745
83097
71289
39818
23795
78434
60390
21075
32211
71133
50239
74289
83300
69826
71632
56733
50669
25941
77303
32458
23281
14002
66273
35197
64071
16336
38182
25405
43417
92649
34945
83675
15413
14266
5322
46153
9673
95257
84307
54067
44314
58258
13743
59118
26795
31459
43153
99258
98439
85076
40492
35210
95783
80545
11399
17139
47266
23748
72474
32991
97339
84781
49208
75247
51720
71081
72441
51277
67311
18167
28526
53916
68192
92831
77895
3565
55162
87290
94293
70839
90444
19642
92671
89690
81453
45895
7594
74912
57943
31916
55967
65089
35388
29833
68009
22271
84104
52740
98591
33076
78404
44005
37444
72395
82994
93020
21182
10506
44850
57967
12693
67183
97981
17954
54184
42227
55751
91818
18999
80882
60870
28998
84314
64709
86679
99014
21890
53757
35018
80451
57324
44236
55755
77765
79544
47410
20965
74806
91794
40061
22780
67629
82953
84613
28082
6007
63730
67902
15527
12966
56156
61568
40754
44760
46743
64182
24203
99884
13794
45473
32621
85024
17556
76397
30092
98317
98270
95291
7386
95830
61627
30001
59405
65873
43765
68598
69707
47576
38627
47204
78344
95103
39384
2429
54684
6929
92568
18072
70397
10823
88692
80977
69472
19470
16316
49315
61890
49124
87910
28072
25516
24240
5287
41159
86787
74731
70037
87294
64936
69312
60058
67696
6789
18328
87159
77647
9574
22537
22690
61085
27710
40507
28213
37654
86220
96602
56505
25022
78178
53972
94474
95780
6531
32539
4095
27844
41653
60641
80028
30075
5159
10836
83327
50672
57791
85292
29495
4917
64600
84270
6101
90982
34167
12381
70276
97751
80294
51628
29645
46990
34365
57688
41573
53720
44471
16435
75091
33244
33468
31423
67470
31070
52268
99844
73113
2817
56940
74428
46318
25223
58647
1817
21387
76484
43937
74128
53711
84411
39598
29753
63636
4283
1050
91864
81295
54756
36174
38684
25035
9842
37500
58245
58702
17696
84850
52198
63728
92867
97800
18169
30850
7633
62747
58215
23235
90186
32903
32148
87897
22711
1199
98773
95511
20724
75841
65580
70089
66603
46224
97941
29414
64823
12884
22601
94797
84196
69376
97028
44362
53273
66227
6171
77985
79076
57518
91200
33934
66468
29222
11023
47384
25694
35018
86675
69187
69055
20170
81125
69639
14105
96889
22608
36446
30486
45690
88282
38692
90173
56392
26826
69346
6855
89683
13537
97668
79136
35613
99550
59879
84400
68894
37996
91526
5407
52525
44233
58218
10090
21111
74722
72746
46526
83063
89679
96080
59655
16993
98350
7315
84125
1714
72550
93400
18465
11557
54042
53276
39826
29154
74437
33077
75659
76330
52439
9109
8932
40430
32608
13554
56887
78196
82250
54208
29830
12207
68589
14005
46084
95933
97108
28716
51980
12615
3712
31890
71651
90478
58348
24994
90384
62177
55773
77650
57433
69918
40329
87978
79425
19368
35942
36291
63895
15230
29964
46692
63971
69293
90064
30651
69874
57784
77075
24193
90631
19020
53484
46080
70310
24633
77235
98197
87052
28072
13557
1335
90336
92588
93720
9669
42151
27600
98960
75426
41125
17109
50221
41624
25176
6740
39964
25193
67878
27023
50956
15425
6471
69695
68792
53388
65353
1081
9820
76826
67860
92026
54224
11997
61314
67378
95215
69033
15517
29696
89565
50608
93304
91636
22204
15056
33228
59362
78135
44557
29114
45392
48619
56597
38931
53440
85415
62636
6364
70073
56777
21767
32418
18463
51992
59123
91559
78001
27437
18873
47109
50234
86434
99899
84037
56338
37638
78554
43756
84304
82253
57420
15174
64969
39063
91533
9010
45280
28081
34310
18259
44364
98566
14235
46695
23485
5209
332
69416
74416
7505
39564
74724
32483
91621
52520
24968
50281
91519
55074
65516
25986
16676
33218
5635
66231
77394
35819
92814
77655
35566
65807
2950
23534
98650
44145
72804
52315
17701
92877
8295
3384
46505
33689
12412
22102
68149
26610
89939
70885
97835
79838
2677
6045
26286
46147
68467
1120
76795
83938
20091
36613
10792
1696
65998
43303
31721
23498
23792
81739
5122
10149
29580
64046
33961
45661
61502
75828
