10
34
60
65
103
103
121
129
152
159
183
221
222
224
232
234
237
250
259
265
304
311
332
345
392
408
412
428
444
459
464
473
475
480
491
498
499
503
518
521
527
534
554
555
581
582
607
643
644
647
667
715
739
754
759
767
776
786
786
809
811
818
848
863
884
896
900
901
902
913
953
961
971
972
977
1011
1019
1030
1044
1045
1050
1054
1079
1081
1081
1088
1089
1090
1117
1120
1124
1155
1157
1171
1175
1179
1184
1184
1185
1198
1199
1253
1253
1259
1263
1274
1277
1281
1284
1296
1299
1310
1335
1339
1343
1361
1364
1375
1378
1379
1382
1413
1415
1419
1420
1424
1429
1440
1464
1471
1486
1489
1497
1508
1510
1517
1521
1524
1539
1550
1556
1558
1559
1567
1569
1595
1605
1611
1620
1629
1636
1643
1648
1658
1659
1687
1688
1692
1696
1702
1705
1714
1718
1735
1791
1817
1820
1832
1838
1839
1851
1853
1864
1878
1882
1901
1927
1933
1943
1948
1954
1972
1976
1978
1984
1998
2012
2015
2022
2047
2048
2050
2063
2075
2103
2108
2112
2119
2130
2134
2158
2160
2185
2204
2229
2246
2277
2298
2315
2337
2338
2350
2361
2362
2396
2404
2405
2420
2421
2429
2429
2444
2461
2462
2464
2471
2487
2491
2520
2557
2599
2599
2609
2613
2642
2649
2658
2677
2685
2687
2707
2710
2714
2719
2720
2740
2745
2749
2757
2768
2773
2780
2788
2809
2817
2818
2820
2828
2847
2849
2853
2867
2875
2881
2900
2909
2920
2920
2921
2933
2950
2964
2971
2976
2979
3003
3019
3021
3022
3023
3028
3053
3057
3061
3083
3093
3104
3131
3134
3150
3152
3159
3159
3166
3187
3192
3194
3206
3208
3224
3234
3265
3289
3296
3305
3305
3319
3329
3331
3332
3339
3342
3360
3369
3376
3376
3384
3394
3397
3448
3468
3485
3487
3526
3529
3533
3541
3552
3554
3554
3559
3565
3570
3596
3599
3613
3616
3653
3684
3712
3731
3741
3742
3744
3776
3796
3822
3822
3845
3859
3870
3881
3892
3906
3914
3926
3939
3961
3968
3989
3994
3997
4011
4021
4021
4022
4037
4041
4042
4060
4072
4075
4086
4088
4095
4119
4140
4144
4153
4157
4166
4167
4185
4186
4199
4209
4213
4232
4236
4243
4254
4268
4268
4268
4282
4283
4284
4302
4317
4357
4358
4361
4366
4370
4376
4377
4447
4456
4472
4494
4513
4518
4536
4551
4561
4564
4574
4579
4585
4587
4598
4612
4615
4615
4621
4625
4643
4683
4711
4718
4757
4763
4780
4807
4820
4829
4829
4840
4855
4859
4863
4874
4894
4898
4907
4909
4914
4917
4945
4950
4951
4966
4985
4997
5043
5062
5069
5071
5077
5078
5082
5089
5091
5108
5108
5112
5118
5118
5119
5122
5122
5123
5128
5142
5159
5188
5203
5209
5213
5238
5249
5258
5269
5270
5275
5277
5278
5287
5292
5312
5316
5320
5322
5324
5332
5346
5347
5353
5354
5354
5375
5382
5401
5406
5407
5431
5434
5450
5471
5481
5482
5483
5483
5497
5498
5521
5524
5533
5559
5568
5569
5569
5570
5572
5587
5598
5617
5624
5625
5633
5635
5644
5687
5695
5705
5712
5738
5745
5753
5774
5820
5825
5835
5846
5863
5873
5883
5891
5895
5911
5915
5915
5919
5927
5946
5983
6007
6045
6045
6049
6052
6058
6060
6068
6071
6074
6075
6097
6101
6103
6113
6113
6128
6129
6140
6145
6150
6151
6153
6171
6187
6191
6206
6209
6260
6261
6267
6276
6287
6298
6303
6308
6322
6339
6343
6357
6360
6364
6366
6374
6377
6384
6396
6426
6430
6438
6463
6471
6479
6481
6485
6486
6487
6493
6501
6530
6531
6533
6543
6544
6554
6561
6572
6572
6582
6589
6600
6602
6617
6632
6635
6646
6651
6662
6675
6688
6692
6700
6708
6724
6740
6747
6751
6752
6753
6758
6768
6770
6781
6789
6790
6802
6805
6805
6812
6814
6828
6850
6851
6853
6855
6858
6873
6881
6886
6908
6908
6915
6924
6925
6929
6952
6952
6958
6968
6983
6985
6986
6989
7003
7024
7029
7035
7038
7039
7063
7071
7074
7091
7093
7102
7107
7117
7121
7133
7135
7136
7152
7155
7156
7164
7170
7197
7202
7205
7212
7224
7230
7240
7270
7280
7282
7286
7293
7315
7341
7347
7365
7386
7386
7399
7405
7406
7422
7428
7429
7430
7442
7451
7453
7473
7505
7510
7524
7573
7576
7578
7585
7590
7594
7594
7612
7616
7622
7629
7630
7633
7644
7664
7667
7688
7696
7702
7708
7713
7721
7758
7764
7765
7797
7814
7823
7838
7842
7845
7886
7891
7912
7919
7921
7926
7927
7934
7937
7941
7947
7953
7965
7978
7987
7997
8015
8032
8051
8054
8057
8066
8093
8099
8110
8113
8119
8157
8160
8176
8197
8198
8199
8206
8211
8235
8235
8247
8252
8252
8279
8290
8295
8301
8307
8336
8341
8369
8379
8382
8389
8397
8429
8437
8438
8452
8457
8471
8497
8501
8511
8524
8538
8539
8560
8560
8561
8605
8638
8670
8678
8692
8697
8704
8709
8720
8749
8817
8818
8832
8838
8839
8860
8861
8863
8872
8896
8902
8932
8964
8986
8988
9000
9010
9014
9018
9022
9023
9024
9036
9037
9039
9053
9067
9072
9077
9083
9088
9091
9107
9109
9112
9121
9124
9130
9131
9147
9149
9167
9207
9210
9216
9218
9231
9248
9251
9293
9295
9297
9304
9304
9308
9316
9322
9331
9336
9351
9363
9375
9401
9404
9410
9415
9433
9435
9439
9460
9462
9473
9474
9486
9490
9501
9505
9518
9530
9533
9561
9568
9574
9583
9589
9590
9605
9607
9615
9638
9651
9660
9669
9673
9680
9685
9688
9698
9700
9702
9706
9707
9721
9722
9736
9741
9747
9760
9769
9788
9793
9803
9816
9819
9820
9820
9825
9825
9833
9833
9841
9842
9848
9861
9866
9876
9878
9891
9892
9894
9897
9901
9906
9928
9938
9941
9949
9958
9962
9964
9974
9980
9984
9994
10005
10008
10013
10023
10031
10038
10040
10050
10052
10056
10065
10080
10084
10090
10104
10129
10149
10149
10159
10160
10165
10200
10213
10214
10237
10243
10244
10249
10259
10289
10290
10321
10327
10329
10329
10334
10342
10349
10354
10398
10412
10417
10425
10444
10456
10459
10463
10475
10480
10481
10483
10488
10503
10506
10520
10533
10537
10538
10540
10551
10557
10567
10569
10572
10572
10586
10587
10662
10671
10678
10688
10714
10722
10723
10725
10729
10738
10739
10740
10742
10745
10748
10756
10778
10780
10792
10794
10805
10805
10810
10812
10821
10823
10827
10834
10835
10836
10847
10854
10884
10893
10903
10905
10918
10923
10925
10941
10946
10971
10978
11002
11011
11023
11051
11055
11065
11067
11079
11080
11081
11083
11083
11084
11096
11097
11167
11179
11182
11198
11205
11222
11231
11267
11285
11306
11312
11316
11325
11330
11339
11363
11383
11397
11399
11408
11410
11422
11427
11432
11435
11447
11449
11468
11470
11476
11499
11500
11511
11512
11525
11554
11557
11571
11583
11597
11633
11638
11644
11650
11652
11655
11674
11689
11692
11707
11719
11736
11748
11752
11784
11788
11830
11833
11859
11868
11872
11881
11882
11901
11919
11958
11959
11977
11997
12003
12005
12006
12008
12029
12030
12044
12063
12075
12084
12090
12090
12099
12108
12127
12128
12142
12157
12164
12170
12177
12192
12193
12197
12201
12201
12207
12215
12229
12233
12235
12256
12268
12271
12281
12283
12347
12354
12359
12364
12373
12381
12395
12412
12415
12419
12446
12471
12473
12480
12483
12499
12546
12564
12573
12579
12582
12586
12594
12594
12597
12615
12652
12656
12659
12688
12693
12693
12707
12712
12723
12745
12755
12768
12771
12777
12777
12789
12793
12807
12845
12848
12849
12858
12860
12861
12865
12868
12870
12874
12882
12884
12888
12890
12904
12910
12923
12925
12929
12938
12939
12946
12966
12972
12987
12989
13008
13018
13024
13028
13037
13050
13067
13073
13076
13085
13087
13102
13106
13115
13129
13148
13149
13175
13208
13219
13247
13260
13269
13282
13289
13296
13297
13299
13311
13332
13344
13353
13369
13395
13409
13420
13424
13428
13433
13444
13451
13453
13470
13470
13475
13486
13492
13493
13499
13508
13525
13537
13539
13546
13554
13557
13575
13581
13591
13650
13661
13664
13712
13712
13721
13730
13743
13759
13763
13764
13777
13794
13794
13799
13801
13806
13830
13834
13837
13838
13847
13850
13852
13857
13861
13881
13885
13886
13891
13892
13900
13911
13922
13928
13931
13935
13950
13950
13981
14002
14005
14022
14028
14028
14036
14040
14048
14052
14060
14071
14082
14085
14086
14090
14101
14105
14105
14108
14109
14122
14123
14135
14146
14150
14156
14184
14189
14197
14215
14225
14235
14239
14241
14251
14266
14281
14288
14301
14306
14314
14339
14341
14346
14365
14367
14372
14373
14377
14378
14386
14420
14429
14432
14440
14461
14463
14468
14477
14479
14483
14488
14493
14514
14516
14539
14551
14583
14584
14596
14614
14621
14658
14661
14667
14685
14686
14690
14707
14714
14715
14721
14759
14769
14773
14775
14796
14849
14855
14859
14868
14894
14899
14913
14913
14927
14948
14953
14965
14973
14984
15021
15041
15051
15056
15065
15077
15095
15115
15133
15139
15141
15169
15174
15179
15189
15216
15227
15229
15230
15239
15242
15248
15270
15276
15281
15282
15283
15285
15355
15356
15365
15393
15401
15403
15408
15412
15413
15415
15418
15425
15433
15438
15443
15458
15460
15468
15502
15513
15513
15517
15519
15527
15540
15555
15563
15595
15626
15646
15654
15665
15687
15712
15713
15718
15721
15726
15728
15749
15752
15768
15776
15777
15777
15787
15792
15792
15794
15803
15811
15842
15876
15888
15909
15924
15927
15941
15960
15972
15973
15988
15995
16002
16024
16039
16062
16068
16068
16070
16082
16090
16091
16095
16100
16109
16110
16111
16119
16150
16177
16185
16208
16211
16217
16218
16223
16224
16253
16259
16268
16294
16312
16313
16316
16320
16323
16328
16336
16357
16364
16370
16370
16372
16374
16380
16383
16399
16407
16407
16419
16423
16433
16435
16461
16461
16461
16463
16497
16503
16505
16509
16520
16525
16545
16579
16582
16602
16615
16623
16623
16631
16646
16656
16658
16676
16678
16717
16722
16731
16775
16776
16783
16795
16808
16824
16848
16859
16880
16901
16947
16948
16949
16954
16965
16972
16984
16993
16998
17008
17014
17026
17029
17065
17074
17076
17094
17098
17099
17104
17109
17111
17139
17153
17165
17192
17212
17223
17246
17247
17247
17254
17260
17263
17268
17285
17289
17302
17308
17312
17312
17322
17338
17342
17357
17368
17394
17399
17402
17405
17414
17426
17434
17446
17449
17465
17482
17497
17506
17528
17533
17544
17544
17556
17558
17569
17587
17600
17606
17610
17611
17626
17659
17666
17678
17679
17696
17696
17701
17715
17716
17717
17727
17775
17784
17794
17800
17811
17814
17836
17838
17852
17864
17916
17933
17936
17937
17954
17989
17997
17997
18034
18041
18058
18065
18069
18072
18074
18082
18105
18106
18114
18119
18126
18142
18142
18160
18167
18169
18169
18184
18185
18189
18195
18200
18200
18214
18215
18245
18250
18259
18266
18285
18327
18328
18331
18355
18366
18369
18375
18383
18384
18388
18398
18400
18402
18413
18416
18420
18421
18446
18446
18463
18465
18503
18510
18515
18521
18528
18529
18570
18572
18577
18579
18606
18612
18612
18632
18634
18635
18644
18659
18670
18672
18680
18700
18706
18716
18718
18722
18745
18746
18747
18763
18790
18793
18793
18806
18807
18822
18825
18826
18831
18832
18839
18840
18841
18853
18857
18862
18866
18873
18875
18896
18918
18921
18941
18942
18967
18982
18994
18999
19002
19007
19020
19035
19045
19060
19065
19081
19087
19103
19104
19114
19115
19118
19136
19179
19182
19200
19205
19226
19233
19248
19251
19252
19266
19270
19296
19314
19340
19341
19362
19368
19374
19383
19384
19390
19394
19411
19413
19413
19414
19420
19429
19434
19447
19470
19482
19492
19513
19520
19531
19531
19535
19541
19544
19544
19553
19556
19587
19611
19621
19629
19642
19652
19653
19670
19689
19692
19705
19719
19727
19737
19748
19760
19769
19776
19793
19810
19812
19821
19850
19855
19886
19887
19891
19891
19930
19932
19952
19985
19996
20007
20017
20020
20025
20028
20052
20057
20060
20065
20070
20091
20096
20129
20140
20159
20170
20183
20192
20197
20200
20213
20232
20235
20242
20257
20266
20267
20284
20290
20326
20344
20346
20353
20356
20360
20378
20402
20406
20412
20426
20427
20433
20437
20458
20459
20461
20463
20470
20474
20517
20520
20527
20531
20531
20533
20565
20568
20583
20583
20591
20594
20597
20605
20608
20608
20612
20617
20618
20643
20648
20677
20682
20690
20697
20703
20707
20709
20718
20719
20724
20729
20756
20760
20772
20777
20781
20789
20792
20801
20803
20820
20822
20847
20860
20863
20875
20892
20893
20895
20900
20906
20908
20920
20936
20941
20942
20959
20965
20975
21002
21008
21018
21029
21065
21071
21075
21111
21119
21127
21143
21148
21154
21158
21175
21182
21183
21185
21208
21210
21215
21219
21231
21239
21256
21256
21261
21267
21296
21302
21321
21333
21335
21337
21347
21352
21366
21387
21390
21437
21458
21470
21474
21484
21485
21498
21508
21516
21530
21539
21555
21563
21564
21566
21585
21589
21596
21609
21636
21644
21646
21669
21683
21702
21711
21728
21730
21734
21767
21783
21786
21791
21798
21803
21814
21823
21828
21846
21854
21857
21858
21860
21870
21885
21890
21891
21896
21899
21902
21906
21916
21919
21927
21932
21954
21956
21971
21973
21982
21999
22001
22011
22017
22020
22023
22025
22039
22057
22086
22088
22101
22102
22115
22129
22130
22135
22143
22159
22204
22206
22210
22232
22248
22250
22271
22286
22295
22303
22321
22346
22350
22385
22386
22393
22394
22430
22431
22433
22441
22450
22450
22454
22462
22464
22498
22508
22524
22534
22537
22560
22571
22601
22608
22614
22622
22632
22643
22643
22650
22652
22662
22677
22684
22689
22690
22706
22711
22715
22723
22748
22749
22755
22780
22789
22806
22811
22820
22822
22829
22842
22862
22868
22887
22889
22897
22916
22932
22934
22947
22956
22962
22968
22982
22988
22996
23019
23026
23040
23068
23072
23088
23105
23106
23111
23117
23132
23137
23145
23151
23154
23156
23157
23168
23173
23180
23207
23218
23235
23235
23240
23246
23246
23258
23269
23277
23281
23283
23301
23301
23302
23306
23318
23324
23342
23344
23347
23361
23371
23372
23385
23398
23411
23448
23461
23474
23485
23485
23491
23496
23498
23503
23504
23528
23533
23534
23548
23557
23573
23573
23587
23594
23610
23611
23622
23631
23646
23651
23657
23658
23689
23709
23716
23721
23726
23729
23748
23765
23777
23792
23795
23801
23821
23832
23837
23861
23866
23887
23899
23900
23907
23914
23919
23923
23933
23944
23963
23993
23994
24002
24005
24024
24027
24030
24031
24045
24051
24069
24094
24111
24116
24117
24149
24158
24159
24165
24177
24189
24193
24203
24208
24209
24225
24231
24240
24245
24245
24249
24258
24283
24287
24302
24303
24306
24320
24323
24353
24372
24397
24405
24407
24433
24433
24434
24445
24450
24467
24471
24488
24491
24499
24513
24516
24528
24541
24549
24554
24572
24573
24576
24588
24589
24593
24630
24631
24633
24633
24647
24658
24689
24736
24745
24776
24789
24795
24829
24837
24861
24869
24881
24905
24912
24914
24927
24949
24966
24967
24968
24969
24994
25022
25024
25035
25056
25066
25117
25122
25125
25133
25145
25176
25188
25193
25216
25223
25258
25267
25274
25285
25298
25299
25301
25315
25325
25331
25336
25337
25348
25351
25372
25397
25405
25412
25426
25455
25466
25477
25491
25506
25516
25516
25541
25547
25549
25568
25573
25587
25600
25605
25606
25608
25613
25622
25630
25643
25663
25678
25694
25705
25719
25723
25731
25742
25751
25761
25771
25784
25803
25837
25837
25837
25838
25847
25860
25883
25884
25911
25922
25924
25929
25930
25937
25941
25941
25967
25969
25976
25978
25983
25986
25994
25995
25999
26012
26024
26030
26037
26084
26090
26096
26101
26114
26118
26125
26125
26141
26143
26145
26148
26149
26160
26162
26180
26205
26213
26216
26217
26244
26272
26277
26286
26287
26294
26298
26305
26351
26361
26367
26384
26397
26398
26399
26407
26425
26429
26433
26465
26469
26479
26493
26496
26528
26532
26538
26563
26594
26598
26610
26612
26624
26635
26646
26667
26668
26679
26695
26697
26701
26735
26760
26764
26774
26795
26801
26816
26817
26820
26826
26827
26831
26838
26859
26861
26871
26888
26889
26901
26901
26908
26931
26976
26994
26996
26996
26997
27023
27027
27031
27062
27067
27069
27074
27088
27093
27115
27115
27135
27139
27145
27147
27187
27191
27218
27218
27222
27231
27232
27234
27237
27237
27247
27248
27248
27251
27261
27269
27273
27274
27279
27312
27327
27334
27345
27375
27377
27383
27388
27394
27415
27419
27421
27430
27431
27437
27453
27471
27475
27491
27493
27502
27527
27535
27536
27543
27558
27562
27562
27570
27581
27584
27586
27590
27600
27601
27608
27614
27620
27638
27645
27654
27656
27660
27660
27679
27683
27684
27687
27695
27696
27710
27729
27731
27733
27738
27741
27743
27751
27751
27827
27832
27844
27844
27850
27852
27858
27866
27869
27879
27880
27881
27885
27897
27898
27905
27912
27935
27945
27960
27975
27978
27981
27989
27999
28021
28029
28055
28068
28071
28072
28072
28081
28082
28105
28130
28131
28160
28168
28173
28176
28196
28199
28209
28211
28213
28240
28242
28263
28284
28297
28302
28306
28307
28315
28322
28323
28327
28339
28349
28351
28364
28369
28374
28380
28381
28387
28396
28412
28415
28426
28429
28443
28459
28470
28470
28476
28479
28496
28513
28519
28522
28522
28526
28528
28573
28577
28580
28593
28597
28603
28613
28617
28623
28627
28631
28644
28647
28662
28684
28684
28691
28707
28715
28716
28718
28725
28727
28728
28743
28781
28798
28858
28862
28870
28903
28929
28938
28974
28985
28985
28998
29006
29019
29053
29061
29078
29097
29099
29104
29107
29110
29114
29116
29121
29142
29154
29167
29202
29222
29249
29261
29265
29265
29273
29299
29312
29321
29339
29370
29371
29377
29378
29394
29400
29402
29408
29412
29414
29433
29439
29440
29464
29473
29480
29483
29492
29495
29508
29515
29516
29539
29542
29554
29559
29570
29574
29580
29592
29634
29635
29645
29690
29693
29696
29697
29738
29752
29753
29783
29808
29815
29830
29833
29833
29837
29852
29869
29877
29883
29891
29904
29909
29929
29932
29944
29951
29964
29964
29965
29982
29999
30001
30001
30007
30011
30018
30028
30075
30085
30088
30092
30092
30109
30110
30116
30130
30131
30147
30189
30193
30196
30202
30205
30211
30220
30224
30225
30227
30232
30242
30243
30246
30264
30266
30286
30300
30320
30334
30337
30351
30362
30365
30366
30374
30379
30409
30449
30460
30475
30477
30479
30482
30486
30488
30507
30523
30530
30533
30544
30554
30564
30568
30569
30577
30580
30580
30581
30586
30592
30603
30608
30621
30624
30633
30651
30654
30658
30659
30659
30669
30673
30684
30696
30702
30702
30706
30710
30713
30716
30724
30758
30766
30768
30769
30787
30794
30796
30806
30809
30815
30817
30829
30835
30837
30837
30843
30850
30854
30858
30892
30896
30896
30898
30900
30915
30916
30928
30940
30959
30963
30967
30971
30982
31001
31007
31011
31023
31023
31030
31031
31037
31048
31058
31070
31078
31088
31091
31097
31109
31125
31136
31140
31148
31154
31161
31168
31170
31177
31182
31185
31193
31230
31235
31251
31251
31261
31262
31295
31298
31303
31315
31374
31379
31380
31415
31416
31423
31423
31427
31428
31457
31457
31459
31472
31476
31519
31528
31540
31558
31566
31574
31619
31629
31642
31643
31647
31661
31662
31698
31699
31702
31710
31714
31720
31721
31730
31735
31750
31761
31781
31788
31791
31832
31837
31845
31859
31864
31873
31889
31890
31899
31916
31936
31940
31948
31948
31949
31950
31968
31970
31978
31984
31990
31991
31993
31994
31995
31999
32003
32003
32004
32006
32010
32044
32050
32054
32059
32069
32074
32086
32089
32089
32101
32135
32146
32148
32172
32178
32181
32204
32211
32211
32220
32221
32228
32240
32251
32264
32265
32286
32287
32294
32316
32321
32323
32334
32365
32375
32403
32418
32423
32428
32428
32447
32453
32458
32461
32463
32483
32489
32501
32512
32515
32518
32539
32548
32560
32600
32608
32609
32613
32613
32616
32621
32627
32629
32630
32658
32682
32689
32690
32704
32708
32709
32710
32716
32752
32771
32772
32778
32785
32792
32795
32801
32806
32806
32807
32815
32817
32839
32841
32842
32882
32883
32889
32897
32900
32902
32903
32913
32913
32934
32941
32943
32954
32959
32961
32965
32972
32973
32991
33011
33018
33028
33061
33062
33069
33074
33076
33077
33080
33087
33091
33100
33132
33160
33160
33177
33179
33182
33197
33202
33218
33224
33225
33228
33229
33237
33244
33248
33261
33268
33269
33281
33287
33307
33319
33321
33325
33334
33336
33365
33377
33384
33395
33405
33409
33415
33420
33427
33429
33468
33470
33479
33493
33505
33506
33524
33556
33570
33572
33572
33577
33583
33593
33594
33603
33606
33608
33615
33625
33655
33663
33664
33684
33685
33689
33691
33707
33711
33715
33717
33721
33722
33726
33731
33753
33767
33776
33780
33791
33809
33818
33837
33868
33872
33880
33884
33900
33901
33901
33903
33917
33934
33946
33948
33961
33969
33974
33975
34017
34021
34039
34042
34050
34051
34051
34074
34079
34093
34097
34109
34109
34111
34111
34112
34115
34116
34120
34154
34160
34167
34170
34172
34178
34189
34193
34214
34225
34233
34239
34248
34268
34271
34277
34300
34310
34310
34315
34318
34322
34330
34331
34337
34352
34360
34365
34368
34374
34418
34431
34446
34449
34451
34463
34488
34488
34495
34505
34529
34537
34539
34558
34577
34586
34586
34607
34614
34615
34621
34639
34650
34654
34657
34667
34683
34686
34696
34711
34713
34738
34773
34779
34790
34794
34795
34808
34829
34862
34876
34905
34919
34922
34923
34932
34935
34945
34953
34969
34976
34980
34983
35003
35018
35018
35050
35053
35069
35080
35085
35109
35119
35120
35124
35133
35162
35164
35173
35173
35184
35197
35200
35208
35210
35223
35230
35238
35248
35259
35265
35268
35281
35284
35286
35296
35300
35304
35306
35342
35348
35352
35359
35384
35388
35389
35393
35404
35453
35457
35465
35466
35507
35508
35531
35534
35543
35565
35566
35613
35618
35627
35636
35645
35648
35654
35657
35661
35664
35678
35680
35684
35699
35714
35715
35725
35732
35742
35754
35756
35759
35761
35789
35794
35807
35812
35815
35819
35819
35833
35837
35872
35878
35882
35884
35885
35915
35933
35935
35936
35939
35942
35953
35961
35970
35986
35994
36007
36016
36020
36027
36036
36048
36063
36087
36091
36091
36092
36100
36120
36122
36137
36168
36174
36188
36195
36198
36214
36239
36245
36247
36249
36250
36251
36276
36278
36291
36300
36303
36322
36323
36324
36352
36355
36357
36376
36394
36397
36428
36446
36446
36453
36453
36454
36456
36466
36476
36478
36499
36501
36519
36530
36546
36551
36571
36574
36592
36604
36613
36620
36624
36627
36639
36658
36661
36661
36662
36670
36683
36689
36710
36714
36718
36741
36784
36786
36802
36807
36825
36838
36838
36843
36865
36893
36902
36905
36921
36932
36952
36976
36989
36989
36993
36994
36997
36998
37009
37016
37024
37035
37043
37047
37051
37055
37079
37090
37092
37118
37131
37138
37165
37178
37195
37200
37200
37201
37229
37229
37234
37236
37236
37238
37242
37295
37306
37326
37337
37366
37368
37373
37378
37387
37389
37415
37416
37444
37450
37454
37489
37492
37498
37500
37510
37538
37554
37563
37579
37580
37599
37600
37624
37638
37654
37658
37658
37662
37673
37678
37686
37704
37721
37722
37723
37749
37750
37763
37768
37779
37781
37783
37800
37812
37816
37818
37819
37840
37862
37864
37877
37890
37892
37909
37939
37957
37965
37996
38006
38023
38036
38040
38046
38104
38114
38127
38128
38151
38153
38161
38166
38179
38182
38183
38214
38215
38217
38222
38225
38234
38237
38243
38283
38290
38298
38300
38308
38313
38317
38318
38319
38331
38346
38365
38375
38386
38390
38396
38397
38398
38406
38420
38422
38432
38455
38457
38458
38463
38492
38511
38522
38547
38554
38559
38566
38605
38606
38607
38609
38627
38630
38643
38684
38689
38692
38697
38701
38716
38723
38723
38779
38779
38785
38790
38795
38805
38824
38824
38836
38848
38873
38878
38919
38926
38931
38942
38944
38955
38959
38963
38973
38977
38979
38985
38991
38997
39017
39022
39063
39063
39066
39076
39106
39143
39170
39172
39176
39205
39211
39224
39232
39252
39255
39261
39263
39294
39294
39298
39301
39304
39309
39326
39326
39328
39328
39330
39334
39336
39337
39373
39377
39384
39397
39407
39425
39453
39469
39485
39505
39519
39530
39533
39554
39556
39556
39564
39564
39567
39598
39602
39606
39620
39631
39640
39642
39649
39679
39680
39686
39701
39710
39725
39747
39748
39748
39767
39779
39785
39793
39795
39795
39795
39798
39815
39818
39819
39822
39826
39834
39836
39841
39852
39862
39876
39905
39935
39942
39956
39964
39967
39967
39968
39970
39989
40006
40008
40022
40027
40029
40041
40057
40061
40063
40064
40078
40079
40103
40119
40126
40129
40138
40143
40155
40158
40159
40163
40202
40204
40208
40211
40233
40243
40259
40264
40276
40283
40289
40296
40312
40318
40329
40346
40377
40384
40386
40391
40399
40402
40422
40430
40433
40439
40441
40446
40451
40452
40453
40460
40475
40490
40492
40497
40507
40513
40515
40520
40537
40542
40552
40593
40598
40617
40656
40677
40698
40716
40720
40727
40729
40731
40735
40742
40745
40745
40754
40761
40770
40773
40778
40817
40819
40828
40877
40882
40888
40893
40933
40950
40993
41035
41056
41069
41074
41084
41087
41087
41093
41094
41116
41125
41153
41155
41159
41191
41207
41222
41254
41257
41265
41276
41283
41292
41299
41303
41304
41312
41336
41337
41346
41347
41347
41349
41389
41394
41396
41406
41406
41418
41420
41422
41434
41464
41487
41498
41511
41546
41551
41554
41562
41567
41569
41573
41589
41600
41608
41611
41619
41623
41624
41631
41646
41648
41648
41653
41654
41672
41686
41707
41709
41721
41723
41728
41748
41793
41800
41803
41803
41809
41825
41834
41849
41851
41853
41855
41872
41892
41902
41921
41935
41950
41958
41959
41969
41987
42001
42005
42015
42018
42025
42031
42044
42053
42056
42094
42107
42118
42118
42127
42151
42171
42180
42181
42185
42199
42208
42217
42227
42233
42249
42259
42263
42270
42278
42295
42297
42298
42309
42317
42334
42350
42364
42375
42384
42387
42389
42403
42431
42444
42446
42481
42494
42499
42504
42512
42520
42521
42526
42534
42551
42561
42565
42571
42588
42600
42601
42611
42613
42621
42628
42663
42683
42694
42706
42711
42724
42741
42742
42769
42769
42774
42785
42797
42825
42826
42845
42850
42851
42854
42857
42864
42877
42883
42885
42911
42925
42934
42950
42957
42961
42962
42978
43000
43001
43012
43015
43022
43023
43023
43039
43046
43068
43088
43091
43103
43118
43131
43153
43157
43161
43165
43168
43184
43185
43213
43237
43247
43251
43301
43303
43306
43324
43329
43330
43335
43340
43346
43351
43365
43405
43409
43409
43411
43412
43416
43417
43429
43432
43438
43443
43452
43476
43498
43515
43515
43522
43531
43532
43541
43542
43546
43557
43560
43561
43578
43586
43594
43604
43617
43617
43631
43640
43677
43690
43705
43711
43715
43736
43749
43756
43765
43765
43785
43807
43811
43814
43823
43824
43828
43828
43850
43863
43864
43873
43884
43911
43925
43929
43931
43937
43941
43944
43963
43969
43976
43999
43999
44005
44005
44041
44053
44070
44084
44092
44108
44141
44144
44145
44151
44154
44174
44181
44182
44191
44216
44233
44236
44237
44244
44247
44277
44278
44288
44300
44314
44314
44319
44323
44325
44326
44329
44344
44361
44362
44362
44364
44364
44367
44369
44376
44401
44403
44407
44440
44443
44449
44453
44455
44461
44471
44472
44474
44483
44485
44507
44533
44547
44557
44582
44594
44601
44609
44614
44619
44624
44643
44652
44658
44665
44667
44678
44679
44701
44711
44723
44736
44739
44760
44784
44787
44803
44814
44850
44898
44917
44926
44932
44932
44943
44943
44945
44946
44951
44955
44960
44970
44983
44999
45008
45050
45052
45055
45069
45097
45098
45111
45117
45133
45135
45139
45141
45175
45181
45187
45188
45217
45223
45226
45227
45228
45245
45247
45247
45257
45261
45269
45278
45280
45319
45320
45321
45325
45333
45338
45343
45357
45359
45371
45373
45383
45386
45391
45392
45401
45412
45433
45439
45452
45461
45473
45475
45542
45546
45548
45553
45572
45586
45589
45593
45626
45630
45631
45642
45644
45661
45667
45683
45685
45690
45690
45712
45714
45730
45746
45752
45766
45776
45781
45790
45797
45805
45827
45833
45836
45850
45876
45885
45886
45895
45900
45909
45934
45940
45943
45967
45968
45991
46001
46027
46033
46035
46043
46075
46080
46084
46088
46094
46109
46117
46147
46151
46152
46153
46170
46189
46194
46198
46204
46224
46225
46226
46228
46229
46234
46264
46267
46269
46276
46283
46313
46318
46333
46349
46355
46374
46380
46393
46406
46424
46424
46441
46446
46476
46486
46492
46494
46497
46504
46504
46505
46506
46513
46526
46546
46558
46560
46572
46585
46594
46601
46605
46624
46637
46649
46649
46659
46692
46695
46696
46701
46702
46716
46733
46734
46740
46743
46744
46748
46755
46767
46768
46769
46792
46801
46865
46866
46867
46872
46885
46887
46890
46905
46907
46910
46935
46944
46946
46951
46951
46954
46969
46983
46990
46993
47017
47056
47067
47071
47078
47081
47094
47102
47104
47108
47109
47112
47147
47149
47157
47160
47162
47170
47171
47182
47186
47192
47193
47204
47207
47219
47220
47226
47243
47245
47248
47252
47254
47260
47264
47265
47266
47283
47285
47306
47308
47311
47312
47326
47336
47344
47384
47395
47409
47409
47410
47414
47422
47441
47451
47452
47462
47465
47473
47491
47512
47516
47527
47539
47539
47554
47557
47576
47578
47580
47580
47605
47612
47615
47622
47633
47633
47635
47653
47657
47659
47661
47661
47677
47688
47691
47703
47715
47717
47744
47755
47778
47787
47791
47803
47835
47848
47852
47873
47898
47906
47910
47921
47922
47952
47953
47953
47964
48012
48014
48018
48076
48077
48088
48089
48099
48112
48113
48119
48129
48135
48141
48146
48162
48165
48185
48187
48192
48200
48208
48223
48226
48239
48241
48243
48253
48260
48279
48284
48287
48303
48304
48310
48324
48326
48344
48344
48358
48363
48385
48385
48389
48399
48400
48402
48403
48407
48419
48430
48445
48479
48515
48516
48520
48530
48541
48544
48545
48565
48568
48577
48578
48592
48596
48606
48609
48619
48619
48635
48638
48656
48660
48669
48688
48708
48713
48720
48725
48727
48753
48770
48786
48794
48794
48804
48805
48806
48808
48818
48825
48825
48831
48835
48835
48837
48839
48860
48868
48869
48869
48930
48935
48939
48945
48946
48967
48970
48980
48982
48987
49009
49026
49040
49042
49045
49054
49059
49061
49068
49078
49079
49085
49086
49099
49119
49119
49123
49124
49144
49152
49152
49168
49169
49206
49207
49208
49234
49234
49244
49260
49262
49292
49295
49307
49313
49313
49315
49335
49341
49341
49344
49351
49355
49377
49381
49382
49397
49409
49412
49416
49421
49425
49430
49451
49454
49456
49464
49475
49492
49494
49499
49554
49586
49593
49594
49601
49625
49629
49636
49636
49641
49650
49662
49662
49676
49677
49686
49700
49704
49750
49750
49797
49814
49827
49828
49834
49840
49848
49863
49863
49874
49875
49890
49891
49893
49894
49898
49901
49902
49902
49903
49905
49946
49946
49948
49971
49981
49987
49987
49988
49994
50006
50006
50017
50024
50029
50037
50047
50062
50093
50095
50131
50131
50141
50152
50169
50172
50174
50181
50191
50194
50201
50203
50217
50221
50234
50234
50239
50249
50271
50281
50284
50286
50293
50294
50295
50298
50326
50333
50334
50367
50383
50429
50444
50475
50502
50508
50512
50524
50533
50537
50592
50595
50597
50608
50608
50611
50625
50626
50644
50669
50672
50680
50684
50687
50689
50723
50724
50742
50743
50745
50787
50792
50807
50860
50863
50886
50900
50900
50901
50923
50925
50937
50942
50949
50954
50956
50970
50999
51001
51006
51009
51019
51022
51029
51029
51043
51046
51051
51052
51053
51071
51090
51095
51121
51124
51127
51160
51164
51185
51189
51190
51195
51199
51200
51202
51202
51204
51207
51227
51228
51229
51243
51264
51276
51277
51277
51280
51295
51297
51319
51330
51332
51332
51338
51366
51377
51390
51390
51393
51396
51411
51426
51431
51433
51439
51441
51485
51492
51493
51500
51502
51503
51527
51528
51532
51535
51536
51544
51572
51581
51590
51590
51594
51611
51612
51614
51620
51627
51628
51632
51640
51648
51665
51686
51693
51707
51720
51729
51745
51753
51753
51785
51785
51793
51798
51807
51808
51808
51809
51815
51825
51828
51871
51894
51897
51918
51936
51939
51950
51956
51958
51964
51980
51990
51992
52027
52034
52050
52079
52087
52090
52104
52110
52127
52163
52171
52174
52178
52197
52198
52202
52220
52237
52252
52266
52268
52268
52272
52276
52278
52293
52315
52321
52341
52370
52375
52378
52405
52409
52430
52439
52445
52452
52458
52460
52497
52501
52508
52515
52518
52520
52525
52538
52540
52546
52562
52571
52581
52596
52604
52611
52621
52631
52637
52653
52654
52664
52666
52675
52689
52697
52697
52703
52727
52727
52727
52729
52731
52738
52738
52739
52740
52754
52771
52796
52822
52834
52857
52876
52877
52890
52926
52935
52938
52950
52974
52976
52989
53004
53023
53041
53065
53116
53174
53182
53190
53195
53196
53198
53199
53200
53203
53207
53215
53226
53240
53262
53273
53276
53285
53298
53300
53301
53303
53309
53309
53315
53320
53332
53345
53381
53388
53393
53401
53423
53427
53440
53473
53481
53483
53484
53488
53537
53547
53551
53563
53573
53604
53621
53646
53656
53681
53682
53686
53698
53711
53720
53720
53721
53745
53746
53756
53757
53767
53773
53790
53791
53812
53817
53831
53835
53836
53838
53839
53852
53855
53857
53866
53883
53884
53888
53904
53916
53919
53948
53957
53963
53963
53972
53975
53980
53982
53983
54003
54007
54011
54037
54042
54048
54051
54058
54067
54091
54093
54100
54120
54143
54149
54175
54178
54180
54184
54185
54188
54192
54195
54199
54199
54208
54210
54211
54221
54224
54228
54233
54240
54247
54249
54263
54272
54276
54285
54307
54318
54322
54328
54345
54359
54363
54364
54389
54394
54395
54416
54423
54436
54440
54458
54460
54472
54474
54478
54482
54495
54514
54515
54557
54574
54624
54638
54677
54683
54684
54705
54723
54734
54736
54742
54746
54756
54759
54798
54802
54813
54824
54830
54850
54862
54872
54884
54891
54930
54931
54931
54937
54948
54950
54957
54974
54990
54995
54996
55000
55000
55029
55040
55056
55065
55074
55078
55087
55087
55110
55112
55126
55154
55159
55160
55162
55167
55171
55189
55194
55197
55204
55204
55216
55231
55257
55261
55280
55297
55303
55309
55333
55336
55336
55339
55351
55357
55381
55383
55383
55391
55396
55423
55437
55441
55449
55458
55480
55485
55496
55501
55504
55507
55512
55520
55540
55542
55546
55555
55555
55562
55572
55580
55598
55610
55619
55620
55633
55637
55647
55649
55671
55672
55687
55692
55702
55720
55751
55755
55756
55773
55776
55789
55801
55807
55838
55841
55845
55859
55861
55878
55880
55907
55908
55923
55933
55955
55963
55967
55981
55985
56003
56005
56034
56036
56045
56049
56067
56072
56073
56082
56083
56084
56092
56097
56131
56145
56147
56156
56182
56183
56186
56194
56203
56205
56214
56221
56221
56238
56240
56251
56256
56257
56257
56267
56273
56273
56287
56289
56296
56306
56307
56308
56309
56316
56317
56338
56339
56356
56381
56382
56386
56387
56391
56392
56399
56414
56422
56437
56438
56448
56472
56479
56485
56485
56491
56505
56528
56535
56539
56552
56560
56562
56584
56587
56596
56597
56600
56627
56642
56647
56653
56671
56675
56681
56694
56716
56717
56730
56733
56741
56752
56763
56777
56788
56809
56813
56816
56817
56819
56825
56840
56844
56845
56856
56860
56861
56863
56866
56873
56880
56886
56887
56905
56918
56922
56928
56929
56933
56933
56940
56945
56946
56953
56954
56954
56963
56966
56973
56983
56986
56993
57011
57021
57027
57033
57036
57039
57045
57072
57075
57078
57102
57111
57135
57151
57160
57200
57218
57256
57262
57273
57277
57296
57300
57303
57307
57320
57324
57346
57352
57365
57387
57392
57411
57418
57420
57421
57433
57434
57441
57457
57467
57474
57489
57493
57510
57511
57518
57527
57547
57573
57577
57590
57605
57607
57612
57616
57633
57638
57660
57663
57669
57683
57687
57688
57701
57723
57737
57739
57755
57764
57783
57784
57791
57794
57818
57818
57824
57840
57847
57882
57886
57888
57892
57914
57926
57929
57930
57934
57936
57943
57946
57965
57967
58004
58042
58047
58053
58055
58078
58082
58096
58097
58100
58104
58111
58112
58117
58117
58125
58143
58144
58145
58146
58156
58157
58164
58171
58184
58188
58190
58201
58212
58215
58218
58219
58245
58255
58258
58275
58278
58280
58280
58301
58303
58311
58332
58348
58361
58362
58367
58377
58377
58401
58407
58413
58419
58419
58431
58433
58457
58459
58477
58482
58488
58537
58542
58544
58556
58558
58567
58586
58596
58611
58617
58623
58640
58647
58662
58668
58702
58709
58721
58726
58758
58766
58786
58804
58824
58832
58867
58875
58877
58880
58883
58890
58910
58913
58915
58929
58930
58934
58940
58944
58945
58984
58991
59001
59009
59029
59046
59060
59070
59092
59113
59115
59118
59121
59123
59124
59141
59143
59146
59151
59156
59162
59164
59171
59177
59191
59195
59203
59205
59226
59231
59246
59246
59303
59305
59322
59329
59352
59359
59362
59374
59389
59402
59403
59405
59412
59433
59469
59475
59486
59489
59496
59519
59520
59538
59573
59575
59591
59597
59605
59610
59614
59631
59644
59655
59668
59676
59703
59738
59740
59750
59800
59811
59813
59836
59852
59875
59879
59894
59912
59928
59968
60022
60044
60045
60058
60088
60090
60124
60156
60161
60177
60190
60195
60195
60216
60221
60234
60251
60252
60266
60271
60272
60274
60294
60312
60316
60330
60345
60346
60363
60365
60367
60369
60378
60390
60414
60417
60450
60452
60461
60466
60471
60472
60497
60502
60523
60523
60538
60542
60555
60559
60559
60566
60582
60596
60603
60606
60607
60611
60615
60615
60640
60641
60651
60663
60715
60737
60746
60747
60748
60752
60765
60789
60805
60829
60830
60831
60839
60846
60848
60854
60862
60867
60870
60878
60923
60930
60930
60931
60958
60961
60962
60969
60989
60997
61007
61028
61056
61085
61085
61086
61095
61098
61100
61112
61117
61127
61133
61134
61136
61156
61156
61160
61212
61215
61222
61227
61247
61274
61279
61312
61314
61330
61330
61330
61350
61372
61385
61389
61391
61402
61404
61404
61412
61414
61420
61427
61432
61441
61453
61458
61476
61485
61485
61502
61507
61527
61550
61557
61562
61568
61569
61605
61613
61614
61618
61622
61627
61634
61649
61666
61674
61677
61698
61699
61711
61722
61735
61742
61743
61767
61771
61784
61791
61799
61812
61824
61829
61836
61851
61865
61868
61868
61880
61890
61898
61901
61908
61926
61960
61972
61989
61994
62013
62044
62052
62054
62088
62098
62100
62102
62124
62128
62133
62136
62148
62148
62153
62173
62177
62184
62193
62217
62219
62225
62230
62236
62252
62272
62290
62303
62335
62357
62359
62360
62371
62400
62419
62434
62435
62437
62445
62451
62452
62470
62476
62480
62486
62515
62515
62527
62536
62550
62556
62556
62562
62573
62590
62592
62604
62636
62652
62654
62657
62657
62708
62724
62727
62742
62747
62759
62759
62764
62771
62793
62821
62830
62858
62863
62866
62873
62873
62873
62887
62904
62908
62944
62949
62968
62971
62999
63009
63015
63021
63032
63060
63071
63075
63095
63096
63097
63105
63107
63115
63130
63138
63143
63157
63168
63188
63191
63215
63249
63266
63272
63278
63281
63281
63306
63307
63317
63318
63326
63348
63360
63367
63371
63371
63386
63415
63445
63448
63451
63457
63458
63474
63474
63490
63507
63508
63512
63543
63558
63561
63581
63595
63600
63615
63619
63625
63633
63633
63636
63638
63653
63670
63679
63684
63691
63719
63719
63728
63730
63743
63751
63758
63772
63772
63778
63798
63817
63826
63851
63864
63867
63873
63882
63885
63895
63906
63908
63909
63918
63920
63925
63934
63935
63938
63947
63959
63962
63971
63976
63979
63996
64007
64018
64023
64027
64033
64046
64047
64055
64066
64067
64071
64075
64079
64093
64117
64129
64131
64139
64144
64177
64182
64185
64187
64194
64207
64211
64227
64232
64237
64266
64285
64294
64328
64377
64394
64408
64410
64414
64465
64469
64487
64492
64506
64507
64523
64529
64530
64538
64583
64588
64590
64600
64627
64628
64634
64677
64709
64715
64753
64764
64779
64781
64788
64806
64808
64819
64823
64826
64827
64844
64853
64864
64871
64879
64887
64890
64925
64935
64936
64936
64948
64961
64963
64964
64968
64968
64969
64970
65002
65003
65014
65015
65017
65021
65035
65052
65054
65055
65064
65068
65078
65089
65098
65101
65103
65105
65107
65107
65112
65113
65131
65170
65219
65225
65227
65234
65242
65245
65252
65268
65269
65279
65301
65324
65326
65326
65332
65339
65353
65379
65382
65396
65402
65404
65420
65422
65445
65450
65450
65452
65470
65479
65482
65485
65487
65500
65506
65516
65517
65517
65526
65534
65536
65536
65541
65541
65563
65576
65578
65580
65597
65606
65626
65631
65632
65635
65641
65663
65680
65683
65688
65694
65719
65722
65732
65744
65766
65770
65778
65792
65795
65807
65807
65827
65834
65837
65847
65848
65853
65861
65868
65870
65871
65873
65887
65890
65893
65895
65902
65917
65929
65933
65939
65960
65962
65974
65978
65989
65996
65998
66007
66007
66010
66011
66031
66057
66068
66072
66083
66126
66137
66141
66165
66177
66177
66177
66190
66196
66212
66220
66223
66227
66231
66232
66234
66239
66249
66255
66272
66272
66273
66277
66294
66306
66307
66310
66370
66380
66383
66394
66398
66400
66406
66437
66440
66450
66450
66468
66470
66493
66496
66502
66508
66509
66514
66528
66536
66537
66548
66559
66567
66575
66581
66603
66604
66605
66614
66636
66652
66653
66663
66677
66685
66702
66709
66721
66739
66746
66756
66808
66814
66818
66829
66854
66856
66873
66875
66909
66921
66923
66929
66953
66963
66967
66970
66973
66984
66998
66998
67009
67020
67027
67027
67040
67058
67062
67064
67079
67092
67103
67112
67114
67115
67117
67132
67144
67157
67168
67183
67193
67203
67210
67211
67242
67244
67250
67250
67262
67268
67273
67278
67293
67305
67307
67311
67313
67316
67320
67323
67335
67336
67337
67354
67356
67359
67372
67378
67387
67426
67451
67462
67465
67469
67470
67476
67497
67507
67519
67521
67528
67540
67540
67577
67588
67609
67629
67634
67640
67640
67641
67647
67660
67671
67682
67696
67706
67709
67712
67716
67736
67755
67756
67757
67760
67815
67816
67840
67860
67866
67868
67872
67878
67878
67884
67889
67902
67904
67910
67933
67935
67938
67938
67944
67954
67959
67970
67975
67981
67982
67993
68007
68009
68011
68017
68019
68032
68047
68058
68071
68086
68092
68109
68124
68126
68127
68129
68136
68139
68149
68151
68151
68151
68153
68170
68180
68185
68188
68190
68192
68193
68196
68198
68219
68242
68244
68247
68286
68295
68322
68347
68358
68375
68379
68379
68386
68390
68394
68397
68404
68406
68408
68408
68410
68419
68427
68432
68455
68460
68467
68472
68487
68494
68496
68546
68562
68563
68589
68598
68615
68619
68629
68633
68638
68642
68674
68677
68720
68734
68736
68737
68743
68749
68786
68792
68796
68814
68828
68829
68832
68837
68849
68850
68856
68872
68875
68877
68881
68890
68891
68892
68893
68894
68901
68905
68911
68915
68923
68936
68942
68950
68977
68992
68994
68998
69008
69009
69021
69031
69033
69036
69037
69040
69044
69050
69051
69055
69068
69073
69086
69103
69125
69133
69136
69175
69182
69184
69185
69187
69189
69192
69197
69202
69223
69251
69256
69262
69276
69282
69284
69293
69307
69312
69318
69324
69333
69345
69346
69351
69353
69356
69365
69371
69375
69375
69376
69391
69395
69397
69411
69416
69417
69437
69439
69446
69469
69472
69473
69475
69477
69486
69487
69491
69516
69516
69517
69522
69535
69544
69545
69565
69582
69588
69594
69594
69614
69615
69633
69639
69641
69644
69667
69677
69679
69681
69695
69707
69711
69721
69734
69742
69779
69780
69797
69824
69826
69826
69827
69833
69874
69881
69882
69886
69888
69905
69905
69918
69930
69944
69972
69982
69982
70010
70012
70018
70019
70030
70037
70039
70042
70065
70073
70077
70078
70089
70105
70117
70120
70127
70129
70148
70166
70169
70171
70179
70187
70187
70190
70198
70203
70211
70218
70220
70223
70223
70226
70227
70227
70245
70256
70258
70276
70281
70285
70286
70289
70305
70308
70310
70371
70379
70384
70394
70397
70399
70403
70411
70432
70442
70446
70454
70454
70456
70457
70469
70472
70473
70479
70518
70530
70542
70549
70550
70561
70583
70584
70588
70596
70606
70629
70642
70646
70647
70647
70678
70706
70710
70717
70722
70724
70724
70735
70736
70747
70752
70773
70781
70783
70796
70839
70847
70848
70865
70874
70883
70885
70910
70911
70918
70932
70935
70949
70952
70954
70954
70954
70955
70956
70963
70966
70966
70966
71004
71007
71017
71023
71027
71028
71039
71056
71081
71096
71103
71119
71122
71129
71131
71133
71134
71147
71151
71172
71177
71182
71183
71198
71199
71204
71205
71220
71237
71246
71252
71257
71259
71260
71266
71272
71289
71295
71298
71302
71303
71307
71309
71310
71321
71325
71346
71354
71363
71367
71368
71435
71449
71490
71496
71504
71505
71524
71536
71564
71587
71587
71588
71589
71590
71601
71607
71610
71619
71620
71632
71633
71635
71651
71661
71679
71683
71685
71692
71709
71731
71745
71751
71753
71772
71789
71795
71798
71802
71813
71815
71822
71823
71832
71836
71837
71877
71880
71888
71890
71910
71917
71921
71927
71948
71966
71983
71984
72012
72016
72029
72046
72058
72083
72090
72095
72095
72105
72123
72134
72161
72201
72203
72204
72206
72210
72215
72236
72240
72244
72253
72274
72283
72290
72292
72309
72310
72317
72322
72347
72369
72377
72379
72395
72397
72404
72409
72419
72429
72429
72433
72441
72470
72473
72474
72486
72491
72506
72518
72522
72537
72540
72542
72550
72566
72582
72590
72594
72597
72615
72681
72685
72721
72722
72746
72750
72761
72781
72804
72824
72827
72851
72863
72908
72908
72921
72973
72985
72997
73009
73012
73012
73015
73017
73018
73022
73031
73053
73057
73060
73066
73071
73091
73113
73114
73118
73133
73136
73161
73173
73174
73180
73181
73195
73291
73303
73311
73321
73341
73353
73366
73369
73395
73400
73405
73412
73413
73416
73434
73463
73478
73480
73493
73493
73495
73501
73513
73518
73519
73526
73547
73547
73559
73566
73567
73593
73594
73604
73616
73625
73627
73632
73646
73649
73651
73661
73666
73669
73679
73679
73713
73719
73741
73741
73744
73758
73769
73792
73800
73823
73826
73843
73845
73852
73852
73858
73861
73867
73896
73910
73921
73927
73948
73960
73982
73983
73987
73993
74017
74018
74027
74052
74070
74074
74074
74088
74090
74095
74110
74115
74128
74165
74171
74171
74176
74186
74188
74189
74193
74196
74213
74214
74226
74233
74249
74252
74259
74273
74276
74289
74297
74310
74327
74328
74333
74343
74349
74356
74366
74367
74375
74390
74416
74416
74428
74437
74451
74467
74474
74511
74513
74514
74539
74543
74573
74575
74581
74596
74608
74623
74635
74639
74653
74679
74679
74688
74689
74697
74701
74706
74713
74716
74722
74724
74731
74735
74741
74742
74747
74748
74749
74767
74769
74779
74806
74806
74814
74829
74838
74851
74884
74912
74920
74925
74926
74926
74927
74934
74939
74941
74942
74953
74955
74974
74976
74976
74982
74989
74999
75017
75029
75033
75043
75067
75077
75091
75136
75138
75141
75145
75150
75177
75180
75188
75196
75217
75221
75232
75238
75244
75247
75258
75281
75282
75291
75303
75310
75321
75328
75328
75331
75334
75352
75354
75384
75397
75415
75419
75426
75437
75442
75446
75448
75450
75457
75461
75470
75486
75505
75519
75532
75542
75561
75566
75581
75587
75597
75611
75611
75614
75619
75631
75637
75647
75648
75649
75659
75660
75663
75670
75671
75672
75677
75701
75713
75723
75727
75733
75734
75745
75760
75761
75769
75771
75788
75794
75811
75822
75828
75829
75841
75842
75844
75861
75875
75881
75884
75890
75904
75916
75942
75976
75981
75989
75994
76014
76019
76023
76031
76040
76074
76087
76096
76098
76102
76106
76115
76115
76128
76139
76141
76157
76161
76192
76196
76201
76208
76217
76233
76241
76262
76265
76281
76281
76282
76302
76306
76310
76311
76314
76316
76323
76330
76336
76340
76348
76356
76361
76362
76366
76368
76380
76381
76389
76391
76393
76393
76397
76416
76417
76432
76470
76480
76484
76506
76510
76551
76615
76626
76646
76646
76651
76680
76681
76685
76706
76722
76776
76780
76795
76800
76805
76826
76834
76847
76858
76863
76868
76869
76872
76876
76878
76890
76911
76917
76918
76930
76951
76957
76984
76985
76999
77025
77027
77056
77057
77062
77065
77071
77075
77081
77084
77088
77097
77115
77139
77181
77187
77194
77195
77196
77221
77228
77233
77234
77235
77241
77246
77247
77278
77286
77287
77288
77303
77311
77318
77338
77339
77342
77352
77355
77370
77376
77394
77409
77423
77463
77478
77484
77509
77528
77533
77538
77546
77549
77560
77567
77580
77586
77589
77594
77597
77598
77602
77602
77619
77619
77630
77639
77647
77650
77655
77666
77672
77681
77695
77715
77732
77757
77765
77795
77807
77814
77819
77851
77863
77867
77874
77895
77919
77923
77947
77962
77969
77979
77982
77985
78001
78004
78017
78020
78022
78028
78035
78055
78061
78065
78105
78115
78129
78132
78135
78149
78160
78162
78178
78184
78188
78196
78196
78208
78211
78227
78249
78281
78330
78332
78335
78344
78349
78362
78377
78388
78403
78404
78419
78420
78430
78434
78441
78447
78452
78456
78466
78478
78487
78489
78507
78524
78539
78553
78554
78585
78618
78624
78625
78628
78633
78639
78642
78644
78646
78652
78667
78668
78669
78702
78705
78738
78753
78756
78763
78775
78778
78792
78793
78805
78812
78815
78829
78840
78849
78859
78861
78872
78875
78883
78901
78928
78971
78972
78976
78982
79013
79015
79035
79037
79044
79076
79088
79119
79133
79136
79155
79163
79174
79184
79211
79217
79220
79224
79234
79295
79297
79334
79338
79378
79403
79408
79413
79414
79415
79425
79437
79460
79462
79464
79470
79479
79481
79482
79517
79520
79521
79534
79534
79542
79544
79545
79595
79614
79625
79631
79633
79648
79652
79664
79693
79694
79698
79715
79719
79737
79757
79764
79767
79768
79769
79778
79785
79786
79789
79790
79827
79838
79897
79903
79910
79916
79919
79921
79921
79965
80006
80008
80028
80031
80046
80060
80065
80070
80080
80084
80084
80103
80103
80118
80121
80122
80154
80158
80166
80168
80174
80181
80194
80202
80229
80235
80245
80264
80268
80285
80287
80287
80291
80294
80296
80302
80308
80320
80327
80365
80371
80371
80372
80392
80396
80398
80415
80432
80433
80451
80465
80467
80475
80485
80491
80495
80545
80557
80562
80570
80579
80590
80590
80591
80593
80612
80634
80638
80639
80646
80651
80687
80691
80723
80725
80733
80778
80782
80790
80794
80814
80839
80843
80850
80875
80882
80884
80889
80893
80899
80919
80927
80974
80977
80987
80994
80998
81017
81018
81018
81019
81025
81028
81028
81054
81055
81057
81072
81073
81091
81103
81109
81117
81117
81117
81125
81126
81161
81165
81168
81178
81215
81216
81250
81273
81280
81290
81295
81307
81321
81332
81357
81369
81375
81395
81449
81453
81479
81485
81497
81502
81506
81507
81516
81522
81530
81539
81544
81553
81553
81555
81564
81567
81589
81597
81602
81615
81629
81631
81647
81709
81719
81726
81739
81742
81745
81772
81785
81790
81798
81802
81811
81826
81828
81850
81851
81854
81855
81857
81861
81871
81872
81897
81899
81904
81968
81969
81985
82003
82011
82025
82032
82041
82082
82125
82145
82167
82172
82173
82194
82198
82215
82215
82229
82233
82250
82252
82253
82255
82285
82289
82290
82304
82315
82316
82338
82348
82365
82379
82379
82386
82390
82415
82438
82456
82471
82471
82484
82489
82496
82529
82546
82555
82569
82573
82595
82602
82613
82617
82620
82620
82644
82652
82672
82676
82681
82682
82691
82696
82715
82733
82750
82757
82771
82778
82797
82823
82847
82847
82848
82870
82871
82875
82903
82904
82919
82920
82953
82966
82987
82990
82994
82996
82998
83014
83025
83062
83063
83074
83080
83087
83089
83092
83097
83098
83099
83100
83104
83112
83115
83117
83136
83147
83154
83161
83162
83176
83177
83199
83200
83205
83207
83220
83220
83229
83257
83260
83261
83261
83275
83285
83290
83299
83300
83307
83311
83321
83327
83331
83336
83347
83359
83382
83400
83408
83418
83419
83452
83463
83464
83471
83476
83481
83482
83494
83499
83506
83513
83514
83547
83607
83610
83612
83614
83622
83645
83666
83669
83675
83681
83682
83688
83711
83728
83749
83782
83790
83812
83828
83835
83841
83847
83852
83855
83858
83860
83865
83873
83885
83899
83899
83904
83909
83919
83938
83977
83982
84004
84018
84019
84037
84039
84041
84043
84060
84062
84066
84078
84092
84094
84104
84117
84121
84122
84125
84139
84151
84173
84181
84195
84196
84206
84208
84227
84228
84228
84231
84256
84259
84270
84292
84296
84304
84307
84314
84334
84336
84364
84371
84382
84395
84400
84403
84411
84436
84441
84466
84473
84494
84501
84504
84509
84522
84537
84543
84553
84556
84564
84564
84568
84573
84581
84582
84583
84611
84613
84660
84667
84672
84683
84697
84719
84741
84743
84781
84799
84831
84836
84844
84850
84865
84865
84874
84889
84893
84905
84908
84908
84912
84913
84932
84935
84935
84945
84948
84963
84984
85003
85005
85008
85012
85021
85024
85047
85048
85050
85054
85056
85062
85076
85087
85112
85115
85124
85128
85130
85131
85146
85148
85153
85165
85178
85191
85191
85193
85200
85205
85207
85208
85214
85229
85247
85251
85267
85277
85292
85300
85305
85327
85335
85360
85364
85370
85384
85386
85410
85415
85415
85426
85437
85446
85466
85473
85484
85523
85548
85552
85569
85570
85571
85571
85591
85594
85596
85612
85618
85632
85642
85646
85656
85670
85671
85679
85681
85688
85722
85726
85731
85735
85740
85741
85753
85761
85773
85773
85783
85805
85825
85848
85856
85862
85875
85877
85887
85890
85891
85894
85900
85910
85938
85940
85951
85962
85984
85988
86003
86009
86013
86014
86015
86029
86031
86052
86082
86097
86129
86150
86154
86157
86159
86167
86172
86204
86213
86220
86228
86240
86258
86266
86268
86276
86278
86301
86320
86335
86350
86352
86356
86361
86405
86417
86433
86434
86453
86454
86461
86465
86473
86474
86476
86483
86500
86506
86507
86531
86542
86547
86550
86569
86572
86606
86617
86626
86627
86638
86639
86641
86641
86642
86646
86666
86675
86675
86679
86683
86688
86692
86696
86730
86750
86756
86757
86760
86768
86774
86787
86805
86805
86806
86832
86837
86838
86844
86849
86861
86862
86903
86910
86924
86953
86991
87014
87015
87017
87021
87027
87036
87046
87052
87074
87090
87093
87094
87117
87142
87159
87159
87159
87167
87180
87201
87202
87202
87202
87211
87216
87220
87238
87242
87259
87262
87267
87270
87284
87290
87294
87298
87299
87299
87302
87305
87316
87331
87331
87363
87370
87376
87390
87392
87394
87395
87406
87414
87417
87427
87442
87450
87478
87511
87524
87545
87557
87583
87585
87596
87600
87601
87607
87609
87648
87655
87670
87679
87688
87690
87714
87724
87733
87734
87749
87749
87752
87760
87778
87781
87797
87801
87838
87843
87852
87876
87886
87896
87897
87910
87911
87920
87922
87940
87952
87959
87965
87968
87968
87970
87978
87983
87991
87993
87993
88029
88044
88062
88063
88071
88075
88091
88106
88120
88123
88128
88131
88139
88150
88160
88193
88210
88233
88260
88275
88282
88315
88317
88321
88334
88367
88369
88375
88378
88378
88385
88400
88401
88417
88431
88437
88459
88489
88499
88501
88514
88526
88593
88644
88657
88678
88690
88692
88696
88703
88718
88736
88746
88748
88771
88773
88777
88782
88791
88796
88803
88818
88833
88839
88869
88885
88898
88915
88926
88929
88929
88931
88932
88935
88937
88951
88952
88996
89011
89022
89026
89031
89047
89050
89053
89061
89078
89082
89107
89115
89138
89145
89155
89162
89167
89189
89192
89204
89217
89238
89246
89246
89262
89272
89280
89289
89294
89323
89328
89345
89355
89357
89365
89377
89391
89406
89408
89415
89434
89435
89443
89447
89463
89479
89481
89481
89507
89522
89565
89566
89566
89569
89571
89575
89577
89580
89583
89596
89600
89603
89612
89616
89625
89627
89632
89633
89636
89650
89658
89679
89683
89690
89690
89704
89708
89714
89757
89766
89770
89781
89785
89795
89811
89812
89822
89842
89845
89856
89861
89878
89888
89939
89941
89964
89983
89993
90018
90025
90034
90038
90047
90064
90079
90080
90095
90102
90117
90119
90162
90166
90169
90173
90186
90196
90204
90212
90214
90224
90231
90244
90265
90278
90279
90281
90295
90320
90336
90365
90369
90371
90379
90383
90384
90385
90387
90391
90398
90415
90426
90430
90444
90465
90469
90478
90483
90531
90546
90547
90559
90567
90580
90593
90617
90631
90639
90657
90675
90684
90695
90698
90701
90707
90714
90733
90735
90738
90760
90764
90769
90786
90794
90814
90818
90825
90831
90843
90851
90853
90855
90876
90887
90895
90899
90929
90934
90979
90982
90985
90985
91004
91015
91017
91034
91060
91070
91091
91116
91149
91154
91159
91161
91161
91169
91171
91178
91184
91186
91192
91192
91200
91209
91221
91229
91254
91262
91262
91280
91281
91290
91292
91294
91297
91301
91307
91311
91316
91373
91376
91378
91383
91396
91408
91408
91420
91432
91434
91445
91468
91468
91479
91497
91519
91525
91526
91527
91533
91533
91541
91541
91555
91559
91591
91602
91616
91621
91636
91641
91650
91658
91661
91681
91715
91718
91731
91743
91745
91757
91779
91783
91784
91788
91794
91800
91802
91804
91817
91818
91836
91848
91864
91864
91866
91869
91881
91895
91895
91900
91903
91910
91913
91919
91921
91923
91951
91951
91956
91971
91975
91994
92026
92043
92076
92076
92082
92094
92109
92122
92134
92140
92141
92142
92143
92159
92162
92173
92193
92199
92204
92236
92247
92252
92269
92277
92300
92325
92335
92344
92361
92405
92418
92425
92463
92466
92466
92474
92488
92491
92531
92544
92550
92558
92568
92578
92588
92589
92604
92618
92623
92639
92645
92649
92662
92666
92671
92681
92684
92688
92711
92711
92712
92722
92723
92730
92749
92755
92762
92765
92796
92796
92808
92811
92814
92816
92823
92829
92831
92836
92848
92867
92877
92889
92904
92966
92974
92984
92986
92993
92996
93011
93016
93020
93028
93032
93034
93039
93043
93054
93059
93073
93114
93125
93139
93155
93178
93197
93221
93222
93223
93245
93250
93268
93276
93292
93294
93301
93304
93317
93321
93323
93328
93338
93338
93344
93362
93363
93385
93400
93403
93403
93403
93415
93421
93422
93429
93437
93442
93446
93455
93477
93483
93491
93517
93517
93518
93523
93532
93538
93539
93552
93559
93560
93563
93565
93574
93590
93602
93609
93610
93627
93646
93647
93649
93659
93670
93674
93674
93687
93696
93704
93715
93720
93730
93739
93748
93769
93770
93802
93805
93808
93849
93851
93861
93863
93883
93891
93900
93909
93910
93916
93939
93943
93956
93978
93979
93995
93996
94006
94009
94042
94057
94068
94070
94104
94107
94115
94124
94126
94139
94143
94174
94175
94190
94190
94190
94195
94214
94222
94226
94259
94290
94293
94297
94305
94308
94324
94325
94328
94328
94330
94333
94333
94341
94348
94366
94390
94395
94413
94420
94439
94446
94447
94474
94478
94482
94493
94511
94513
94514
94520
94552
94578
94584
94600
94616
94629
94632
94632
94639
94666
94683
94688
94692
94706
94708
94711
94730
94737
94755
94761
94770
94797
94807
94821
94841
94865
94867
94882
94885
94886
94899
94913
94925
94926
94937
94958
94959
94976
94983
94988
94990
95006
95016
95020
95023
95031
95056
95063
95082
95103
95103
95105
95107
95114
95132
95151
95152
95157
95160
95192
95192
95206
95215
95220
95242
95253
95256
95257
95261
95262
95291
95293
95308
95332
95336
95341
95344
95360
95364
95370
95375
95379
95385
95420
95424
95441
95477
95485
95488
95490
95505
95511
95523
95527
95529
95542
95549
95550
95580
95594
95607
95635
95646
95651
95664
95679
95687
95703
95705
95723
95730
95743
95756
95758
95766
95774
95775
95780
95783
95796
95800
95802
95818
95820
95830
95842
95846
95849
95850
95851
95854
95854
95868
95878
95886
95889
95910
95917
95921
95933
95943
95957
95963
95967
95974
95982
95994
96010
96049
96062
96075
96080
96089
96117
96128
96138
96160
96173
96187
96190
96195
96201
96201
96221
96255
96258
96268
96281
96284
96295
96315
96327
96328
96352
96353
96358
96366
96385
96408
96415
96418
96455
96491
96518
96558
96572
96588
96602
96605
96608
96624
96627
96647
96652
96668
96677
96680
96713
96749
96752
96765
96820
96825
96828
96832
96837
96858
96863
96864
96889
96922
96923
96938
96964
96966
96970
96996
96997
97006
97014
97020
97028
97030
97074
97088
97097
97108
97112
97119
97150
97153
97172
97175
97181
97194
97212
97237
97244
97254
97265
97279
97295
97296
97311
97326
97334
97336
97339
97343
97345
97345
97360
97366
97367
97372
97375
97379
97394
97398
97404
97413
97414
97422
97426
97441
97448
97474
97480
97492
97494
97531
97533
97549
97553
97555
97567
97568
97571
97575
97584
97595
97600
97606
97608
97617
97618
97620
97639
97657
97657
97668
97671
97690
97701
97703
97705
97751
97758
97758
97771
97771
97773
97777
97787
97789
97800
97803
97804
97805
97832
97835
97839
97841
97862
97891
97904
97908
97936
97941
97966
97981
97983
98004
98007
98016
98023
98033
98035
98037
98057
98060
98077
98095
98099
98118
98120
98122
98132
98136
98147
98150
98162
98167
98191
98194
98197
98201
98208
98243
98246
98262
98270
98271
98277
98277
98278
98281
98283
98296
98302
98308
98317
98317
98322
98343
98350
98356
98371
98377
98395
98403
98404
98409
98413
98422
98436
98439
98442
98447
98454
98484
98487
98495
98499
98502
98512
98515
98537
98539
98560
98566
98574
98591
98592
98597
98599
98615
98635
98650
98654
98669
98675
98678
98678
98699
98742
98773
98780
98780
98815
98816
98821
98822
98831
98839
98840
98842
98860
98878
98879
98894
98902
98912
98917
98920
98932
98935
98938
98940
98942
98946
98950
98953
98957
98960
98985
99001
99002
99014
99043
99050
99050
99058
99070
99087
99102
99113
99114
99117
99152
99154
99174
99179
99183
99191
99195
99205
99212
99249
99251
99258
99271
99290
99300
99306
99331
99331
99342
99363
99384
99406
99425
99441
99442
99451
99466
99469
99478
99531
99534
99550
99555
99561
99562
99580
99583
99589
99610
99619
99625
99628
99644
99648
99650
99659
99670
99685
99713
99733
99746
99750
99751
99751
99753
99757
99758
99796
99814
99817
99829
99831
99837
99841
99844
99859
99866
99866
99872
99884
99897
99899
99899
99901
99905
99957
99971
99974
99976
